Classifier: LinearSVC
Params: {'C': 1.0, 'class_weight': None, 'dual': True, 'fit_intercept': True, 'intercept_scaling': 1, 'loss': 'squared_hinge', 'max_iter': 1000, 'multi_class': 'ovr', 'penalty': 'l2', 'random_state': None, 'tol': 0.0001, 'verbose': 0}

Labels: None

Training accuracy: 1.0
Training confusion matrix:
[[386   0   0   0   0   0   0   0   0   0   0   0   0   0   0   0   0   0   0   0   0   0   0   0   0]
 [  0   6   0   0   0   0   0   0   0   0   0   0   0   0   0   0   0   0   0   0   0   0   0   0   0]
 [  0   0   8   0   0   0   0   0   0   0   0   0   0   0   0   0   0   0   0   0   0   0   0   0   0]
 [  0   0   0   5   0   0   0   0   0   0   0   0   0   0   0   0   0   0   0   0   0   0   0   0   0]
 [  0   0   0   0   6   0   0   0   0   0   0   0   0   0   0   0   0   0   0   0   0   0   0   0   0]
 [  0   0   0   0   0   6   0   0   0   0   0   0   0   0   0   0   0   0   0   0   0   0   0   0   0]
 [  0   0   0   0   0   0   2   0   0   0   0   0   0   0   0   0   0   0   0   0   0   0   0   0   0]
 [  0   0   0   0   0   0   0  19   0   0   0   0   0   0   0   0   0   0   0   0   0   0   0   0   0]
 [  0   0   0   0   0   0   0   0   1   0   0   0   0   0   0   0   0   0   0   0   0   0   0   0   0]
 [  0   0   0   0   0   0   0   0   0 177   0   0   0   0   0   0   0   0   0   0   0   0   0   0   0]
 [  0   0   0   0   0   0   0   0   0   0   6   0   0   0   0   0   0   0   0   0   0   0   0   0   0]
 [  0   0   0   0   0   0   0   0   0   0   0  35   0   0   0   0   0   0   0   0   0   0   0   0   0]
 [  0   0   0   0   0   0   0   0   0   0   0   0   1   0   0   0   0   0   0   0   0   0   0   0   0]
 [  0   0   0   0   0   0   0   0   0   0   0   0   0   2   0   0   0   0   0   0   0   0   0   0   0]
 [  0   0   0   0   0   0   0   0   0   0   0   0   0   0   6   0   0   0   0   0   0   0   0   0   0]
 [  0   0   0   0   0   0   0   0   0   0   0   0   0   0   0   2   0   0   0   0   0   0   0   0   0]
 [  0   0   0   0   0   0   0   0   0   0   0   0   0   0   0   0   7   0   0   0   0   0   0   0   0]
 [  0   0   0   0   0   0   0   0   0   0   0   0   0   0   0   0   0   4   0   0   0   0   0   0   0]
 [  0   0   0   0   0   0   0   0   0   0   0   0   0   0   0   0   0   0   4   0   0   0   0   0   0]
 [  0   0   0   0   0   0   0   0   0   0   0   0   0   0   0   0   0   0   0  11   0   0   0   0   0]
 [  0   0   0   0   0   0   0   0   0   0   0   0   0   0   0   0   0   0   0   0  23   0   0   0   0]
 [  0   0   0   0   0   0   0   0   0   0   0   0   0   0   0   0   0   0   0   0   0   8   0   0   0]
 [  0   0   0   0   0   0   0   0   0   0   0   0   0   0   0   0   0   0   0   0   0   0  71   0   0]
 [  0   0   0   0   0   0   0   0   0   0   0   0   0   0   0   0   0   0   0   0   0   0   0   2   0]
 [  0   0   0   0   0   0   0   0   0   0   0   0   0   0   0   0   0   0   0   0   0   0   0   0   2]]

Accuracy: 0.965

Precision: [0.9813 1.0000 1.0000 1.0000 0.8000 1.0000 1.0000 0.8750 0.0000 1.0000 1.0000 0.0000 0.0000 0.5000 1.0000 1.0000 1.0000]
Mean: 0.7739004947773501
Std: 0.3786133841391855

Recall: [0.9813 1.0000 1.0000 1.0000 0.8000 1.0000 1.0000 0.8750 0.0000 1.0000 1.0000 0.0000 0.0000 0.5000 1.0000 1.0000 1.0000]
Mean: 0.7739004947773501
Std: 0.3786133841391855

F1 score: [0.9813 1.0000 1.0000 1.0000 0.8000 1.0000 1.0000 0.8750 0.0000 1.0000 1.0000 0.0000 0.0000 0.5000 1.0000 1.0000 1.0000]
Mean: 0.7739004947773502
Std: 0.37861338413918544

Cohen Kappa score: 0.9468751185823245
Confusion matrix:
[[105   0   0   0   1   0   0   1   0   0   0   0   0   0   0   0   0]
 [  0   1   0   0   0   0   0   0   0   0   0   0   0   0   0   0   0]
 [  0   0   1   0   0   0   0   0   0   0   0   0   0   0   0   0   0]
 [  0   0   0   2   0   0   0   0   0   0   0   0   0   0   0   0   0]
 [  1   0   0   0   4   0   0   0   0   0   0   0   0   0   0   0   0]
 [  0   0   0   0   0  43   0   0   0   0   0   0   0   0   0   0   0]
 [  0   0   0   0   0   0   1   0   0   0   0   0   0   0   0   0   0]
 [  1   0   0   0   0   0   0   7   0   0   0   0   0   0   0   0   0]
 [  0   0   0   0   0   0   0   0   0   0   0   0   0   1   0   0   0]
 [  0   0   0   0   0   0   0   0   0   1   0   0   0   0   0   0   0]
 [  0   0   0   0   0   0   0   0   0   0   5   0   0   0   0   0   0]
 [  0   0   0   0   0   0   0   0   0   0   0   0   1   0   0   0   0]
 [  0   0   0   0   0   0   0   0   0   0   0   0   0   0   0   0   0]
 [  0   0   0   0   0   0   0   0   0   0   0   1   0   1   0   0   0]
 [  0   0   0   0   0   0   0   0   0   0   0   0   0   0  11   0   0]
 [  0   0   0   0   0   0   0   0   0   0   0   0   0   0   0   1   0]
 [  0   0   0   0   0   0   0   0   0   0   0   0   0   0   0   0  10]]

