Classifier: LogisticRegression
Params: {'C': 1.0, 'class_weight': None, 'dual': False, 'fit_intercept': True, 'intercept_scaling': 1, 'max_iter': 100, 'multi_class': 'ovr', 'n_jobs': 1, 'penalty': 'l2', 'random_state': None, 'solver': 'liblinear', 'tol': 0.0001, 'verbose': 0, 'warm_start': False}

Labels: None

Training accuracy: 0.995
Training confusion matrix:
[[386   0   0   0   0   0   0   0   0   0   0   0   0   0   0   0   0   0   0   0   0   0   0   0   0]
 [  0   6   0   0   0   0   0   0   0   0   0   0   0   0   0   0   0   0   0   0   0   0   0   0   0]
 [  0   0   8   0   0   0   0   0   0   0   0   0   0   0   0   0   0   0   0   0   0   0   0   0   0]
 [  0   0   0   5   0   0   0   0   0   0   0   0   0   0   0   0   0   0   0   0   0   0   0   0   0]
 [  0   0   0   0   6   0   0   0   0   0   0   0   0   0   0   0   0   0   0   0   0   0   0   0   0]
 [  0   0   0   0   0   6   0   0   0   0   0   0   0   0   0   0   0   0   0   0   0   0   0   0   0]
 [  0   0   0   0   0   0   2   0   0   0   0   0   0   0   0   0   0   0   0   0   0   0   0   0   0]
 [  0   0   0   0   0   0   0  19   0   0   0   0   0   0   0   0   0   0   0   0   0   0   0   0   0]
 [  0   0   0   0   0   0   0   0   1   0   0   0   0   0   0   0   0   0   0   0   0   0   0   0   0]
 [  1   0   0   0   0   0   0   0   0 176   0   0   0   0   0   0   0   0   0   0   0   0   0   0   0]
 [  0   0   0   0   0   0   0   0   0   0   6   0   0   0   0   0   0   0   0   0   0   0   0   0   0]
 [  1   0   0   0   0   0   0   0   0   0   0  34   0   0   0   0   0   0   0   0   0   0   0   0   0]
 [  0   0   0   0   0   0   0   0   0   0   0   0   1   0   0   0   0   0   0   0   0   0   0   0   0]
 [  0   0   0   0   0   1   0   0   0   0   0   0   0   1   0   0   0   0   0   0   0   0   0   0   0]
 [  0   0   0   0   0   0   0   0   0   0   0   0   0   0   6   0   0   0   0   0   0   0   0   0   0]
 [  0   0   0   0   0   0   0   0   0   0   0   0   0   0   0   2   0   0   0   0   0   0   0   0   0]
 [  0   0   0   0   0   0   0   0   0   0   0   0   0   0   0   0   7   0   0   0   0   0   0   0   0]
 [  0   0   0   0   0   0   0   0   0   0   0   0   0   0   0   0   0   4   0   0   0   0   0   0   0]
 [  0   0   0   0   0   0   0   0   0   0   0   0   0   0   0   0   0   0   4   0   0   0   0   0   0]
 [  1   0   0   0   0   0   0   0   0   0   0   0   0   0   0   0   0   0   0  10   0   0   0   0   0]
 [  0   0   0   0   0   0   0   0   0   0   0   0   0   0   0   0   0   0   0   0  23   0   0   0   0]
 [  0   0   0   0   0   0   0   0   0   0   0   0   0   0   0   0   0   0   0   0   0   8   0   0   0]
 [  0   0   0   0   0   0   0   0   0   0   0   0   0   0   0   0   0   0   0   0   0   0  71   0   0]
 [  0   0   0   0   0   0   0   0   0   0   0   0   0   0   0   0   0   0   0   0   0   0   0   2   0]
 [  0   0   0   0   0   0   0   0   0   0   0   0   0   0   0   0   0   0   0   0   0   0   0   0   2]]

Accuracy: 0.95

Precision: [0.9720 1.0000 1.0000 0.0000 1.0000 0.7500 0.9767 1.0000 0.8750 0.0000 1.0000 1.0000 0.0000 0.0000 0.5000 1.0000 1.0000 1.0000]
Mean: 0.7263170446038301
Std: 0.4069677469065311

Recall: [0.9720 1.0000 1.0000 0.0000 1.0000 0.6000 0.9767 1.0000 0.8750 0.0000 1.0000 1.0000 0.0000 0.0000 0.5000 1.0000 1.0000 1.0000]
Mean: 0.7179837112704968
Std: 0.4079320858359445

F1 score: [0.9720 1.0000 1.0000 0.0000 1.0000 0.6667 0.9767 1.0000 0.8750 0.0000 1.0000 1.0000 0.0000 0.0000 0.5000 1.0000 1.0000 1.0000]
Mean: 0.7216874149742005
Std: 0.4071459558890006

Cohen Kappa score: 0.9241217087791183
Confusion matrix:
[[104   0   0   0   0   1   1   0   1   0   0   0   0   0   0   0   0   0]
 [  0   1   0   0   0   0   0   0   0   0   0   0   0   0   0   0   0   0]
 [  0   0   1   0   0   0   0   0   0   0   0   0   0   0   0   0   0   0]
 [  0   0   0   0   0   0   0   0   0   0   0   0   0   0   0   0   0   0]
 [  0   0   0   0   2   0   0   0   0   0   0   0   0   0   0   0   0   0]
 [  1   0   0   1   0   3   0   0   0   0   0   0   0   0   0   0   0   0]
 [  1   0   0   0   0   0  42   0   0   0   0   0   0   0   0   0   0   0]
 [  0   0   0   0   0   0   0   1   0   0   0   0   0   0   0   0   0   0]
 [  1   0   0   0   0   0   0   0   7   0   0   0   0   0   0   0   0   0]
 [  0   0   0   0   0   0   0   0   0   0   0   0   0   0   1   0   0   0]
 [  0   0   0   0   0   0   0   0   0   0   1   0   0   0   0   0   0   0]
 [  0   0   0   0   0   0   0   0   0   0   0   5   0   0   0   0   0   0]
 [  0   0   0   0   0   0   0   0   0   0   0   0   0   1   0   0   0   0]
 [  0   0   0   0   0   0   0   0   0   0   0   0   0   0   0   0   0   0]
 [  0   0   0   0   0   0   0   0   0   0   0   0   1   0   1   0   0   0]
 [  0   0   0   0   0   0   0   0   0   0   0   0   0   0   0  11   0   0]
 [  0   0   0   0   0   0   0   0   0   0   0   0   0   0   0   0   1   0]
 [  0   0   0   0   0   0   0   0   0   0   0   0   0   0   0   0   0  10]]

