Classifier: MultinomialNB
Params: {'alpha': 1.0, 'class_prior': None, 'fit_prior': True}

Labels: None

Training accuracy: 0.9025
Training confusion matrix:
[[371   1   0   0   0   0   0   5   0   2   0   0   0   0   0   0   1   0   0   4   0   0   2   0   0]
 [  0   5   0   0   0   0   0   1   0   0   0   0   0   0   0   0   0   0   0   0   0   0   0   0   0]
 [  0   0   3   0   0   0   0   4   0   0   0   0   0   0   0   0   0   0   0   0   0   0   1   0   0]
 [  1   0   0   4   0   0   0   0   0   0   0   0   0   0   0   0   0   0   0   0   0   0   0   0   0]
 [  0   0   0   0   4   0   0   1   0   0   0   0   0   0   0   0   0   0   0   0   0   0   1   0   0]
 [  0   0   0   0   0   0   0   0   0   0   0   0   0   0   0   0   0   0   0   6   0   0   0   0   0]
 [  0   0   0   0   0   0   0   1   0   0   0   0   0   0   0   0   0   0   0   0   0   0   1   0   0]
 [  0   0   0   0   0   0   0  19   0   0   0   0   0   0   0   0   0   0   0   0   0   0   0   0   0]
 [  0   0   0   0   0   0   0   0   0   0   0   0   0   0   0   0   0   0   0   0   0   0   1   0   0]
 [ 10   0   0   0   0   0   0   0   0 166   1   0   0   0   0   0   0   0   0   0   0   0   0   0   0]
 [  1   0   0   0   0   0   0   0   0   0   3   0   0   0   0   0   0   0   0   2   0   0   0   0   0]
 [  2   0   0   0   0   0   0   0   0   0   0  33   0   0   0   0   0   0   0   0   0   0   0   0   0]
 [  0   0   0   0   0   0   0   0   0   0   0   0   0   0   0   0   0   0   0   1   0   0   0   0   0]
 [  0   0   0   0   0   0   0   0   0   0   0   0   0   0   0   0   0   0   0   2   0   0   0   0   0]
 [  0   0   0   0   0   0   0   0   0   0   0   0   0   0   2   0   0   0   0   3   0   0   1   0   0]
 [  0   0   0   0   0   0   0   0   0   0   0   0   0   0   0   1   0   0   0   0   0   0   1   0   0]
 [  2   0   0   0   0   0   0   0   0   0   0   0   0   0   0   0   5   0   0   0   0   0   0   0   0]
 [  1   0   0   0   0   0   0   0   0   0   0   0   0   0   0   0   0   0   0   3   0   0   0   0   0]
 [  0   0   0   0   0   0   0   0   0   0   0   0   0   0   0   0   0   0   0   4   0   0   0   0   0]
 [  1   0   0   0   0   0   0   0   0   0   0   0   0   0   0   0   0   0   0  10   0   0   0   0   0]
 [  0   0   0   0   0   0   0   1   0   0   0   0   0   0   0   0   0   0   0   0  21   0   1   0   0]
 [  0   0   0   0   0   0   0   1   0   0   0   0   0   0   0   0   0   0   0   0   1   4   2   0   0]
 [  0   0   0   0   0   0   0   0   0   0   0   0   0   0   0   0   0   0   0   0   0   0  71   0   0]
 [  0   0   0   0   0   0   0   2   0   0   0   0   0   0   0   0   0   0   0   0   0   0   0   0   0]
 [  0   0   0   0   0   0   0   0   0   0   0   0   0   0   0   0   0   0   0   0   0   0   2   0   0]]

Accuracy: 0.895

Precision: [0.9806 1.0000 0.0000 0.0000 0.4444 0.9545 0.0000 1.0000 0.0000 0.0000 1.0000 0.0000 0.2857 1.0000 0.0000 0.6250]
Mean: 0.4556429193110018
Std: 0.44865912103925376

Recall: [0.9439 1.0000 0.0000 0.0000 0.8000 0.9767 0.0000 0.8750 0.0000 0.0000 0.6000 0.0000 1.0000 0.8182 0.0000 1.0000]
Mean: 0.5008657023670744
Std: 0.4518162866674814

F1 score: [0.9619 1.0000 0.0000 0.0000 0.5714 0.9655 0.0000 0.9333 0.0000 0.0000 0.7500 0.0000 0.4444 0.9000 0.0000 0.7692]
Mean: 0.45599119510757447
Std: 0.4250018645555075

Cohen Kappa score: 0.8426730596344021
Confusion matrix:
[[101   0   0   0   2   1   1   0   0   0   0   0   2   0   0   0]
 [  0   1   0   0   0   0   0   0   0   0   0   0   0   0   0   0]
 [  0   0   0   0   1   0   0   0   0   0   0   0   0   0   0   0]
 [  0   0   0   0   2   0   0   0   0   0   0   0   0   0   0   0]
 [  0   0   0   0   4   0   0   0   0   0   0   0   0   0   0   1]
 [  1   0   0   0   0  42   0   0   0   0   0   0   0   0   0   0]
 [  1   0   0   0   0   0   0   0   0   0   0   0   0   0   0   0]
 [  0   0   0   0   0   1   0   7   0   0   0   0   0   0   0   0]
 [  0   0   0   0   0   0   0   0   0   0   0   0   1   0   0   0]
 [  0   0   0   0   0   0   0   0   0   0   0   0   1   0   0   0]
 [  0   0   0   0   0   0   0   0   0   0   3   0   0   0   0   2]
 [  0   0   0   0   0   0   0   0   0   0   0   0   1   0   0   0]
 [  0   0   0   0   0   0   0   0   0   0   0   0   2   0   0   0]
 [  0   0   0   0   0   0   0   0   0   0   0   0   0   9   0   2]
 [  0   0   0   0   0   0   0   0   0   0   0   0   0   0   0   1]
 [  0   0   0   0   0   0   0   0   0   0   0   0   0   0   0  10]]

