Classifier: LinearSVC
Params: {'C': 1.0, 'class_weight': None, 'dual': True, 'fit_intercept': True, 'intercept_scaling': 1, 'loss': 'squared_hinge', 'max_iter': 1000, 'multi_class': 'ovr', 'penalty': 'l2', 'random_state': None, 'tol': 0.0001, 'verbose': 0}

Labels: None

Training accuracy: 0.9906502475892625
Training confusion matrix:
[[14665     0     0     4     0     0     0     0     0     0     0     0     0     0     0     0     1     0     0     0     0     0     0     0     0     0     0]
 [    0   236     0     0     0     0     0     0     0     0     0     0     0     0     0     0     0     0     0     0     0     0     0     0     0     0     0]
 [    0     0   278     0     0     0     0     0     0     0     0     0     0     0     0     0     0     0     0     0     0     0     0     0     0     0     0]
 [    2     0     0   192     0     0     0     0     0     0     0     0     0     0     0     0     0     0     0     0     0     0     0     0     0     0     0]
 [    0     0     0     0   203     0     0     0     0     0     0     0     0     0     0     0     0     0     0     0     0     0     0     0     0     0     0]
 [    0     0     0     0     0    97     0     0     0     0     0     0     2     8     2     0     0     2     4    32     0     0     0     0     0     0     0]
 [    0     0     0     0     0     0   126     0     0     0     0     0     0     0     0     0     0     0     0     0     0     0     0     0     0     0     0]
 [    0     0     0     0     0     0     0  1000     0     0     0     0     0     0     0     0     0     0     0     0     0     0     0     0     0     0     0]
 [    0     0     0     0     0     0     0     0   180     0     0     0     0     0     0     0     0     0     0     0     0     0     0     0     0     0     0]
 [    0     0     0     0     0     0     0     0     0  6842     0     0     0     0     0     0     0     0     0     0     0     0     0     0     0     0     0]
 [    0     0     0     0     0     0     0     0     0     0   210     0     0     0     0     0     0     0     0     0     0     0     0     0     0     0     0]
 [    0     0     0     0     0     0     0     0     0     0     0  1192     0     0     0     0     0     0     0     0     0     0     0     0     0     0     0]
 [    0     0     0     0     0     4     0     0     0     0     0     0    50     8     0     0     0    12     0    41     0     0     0     0     0     0     0]
 [    0     0     0     0     0     2     0     0     0     0     0     0     0    77     0     0     0     1     0     4     0     0     0     0     0     0     0]
 [    0     0     0     0     0     1     0     0     0     0     0     0     1     1   314     0     0     1     0     3     0     0     0     0     0     0     0]
 [    0     0     0     0     0     0     0     0     0     0     0     0     0     0     0    57     0     0     0     0     0     0     0     0     0     0     0]
 [    5     0     0     1     0     0     0     0     0     0     0     0     0     0     0     0   408     0     0     0     0     0     0     0     0     0     0]
 [    0     0     0     0     0    10     0     0     0     0     0     0     1    10     0     0     0   226     0    40     0     0     0     0     0     0     0]
 [    0     0     0     0     0     2     0     0     0     0     0     0     0     0    14     0     0     4   103     7     0     0     0     0     0     0     0]
 [    0     0     0     0     0     5     0     0     0     0     0     0     1    14     4     0     0    29     3   315     0     0     0     0     0     0     0]
 [    0     0     0     0     0     0     0     0     0     0     0     0     0     0     0     0     0     0     0     0  1001     0     0     0     0     0     0]
 [    0     0     0     0     0     0     0     0     0     0     0     0     0     0     0     0     0     0     0     0     0   214     0     0     0     0     0]
 [    0     0     0     0     0     0     0     0     0     0     0     0     0     0     0     0     0     0     0     0     0     0  2110     0     0     0     0]
 [    1     0     0     0     0     0     0     0     0     0     0     0     0     0     0     0     0     0     0     0     0     0     0    36     0     0     0]
 [    0     0     0     0     0     0     0     0     0     0     0     0     0     0     0     0     0     0     0     0     0     0     0     0    35     0     0]
 [    0     0     0     0     0     0     0     0     0     0     0     0     0     0     0     0     0     0     0     0     0     0     0     0     0    54     0]
 [    0     0     0     0     0     0     0     0     0     0     0     0     0     0     0     0     0     0     0     0     0     0     0     0     0     0   188]]

Accuracy: 0.983059682043263

Precision: [0.9967 0.9394 0.9518 0.9800 0.9796 0.7407 1.0000 0.9877 0.9778 1.0000 1.0000 1.0000 0.5455 0.7188 0.8902 0.9167 0.9898 0.6857 0.7727 0.6364 0.9880 0.9821 1.0000 1.0000 0.7500 1.0000 1.0000]
Mean: 0.9047986922577604
Std: 0.13338974892712432

Recall: [0.9951 1.0000 0.9634 0.9800 0.9796 0.4444 1.0000 0.9837 1.0000 1.0000 1.0000 1.0000 0.3000 0.9583 0.9481 1.0000 0.9798 0.7385 0.6071 0.7368 0.9960 0.9821 0.9981 1.0000 1.0000 1.0000 0.9773]
Mean: 0.909939610483576
Std: 0.18051193503514995

F1 score: [0.9959 0.9688 0.9576 0.9800 0.9796 0.5556 1.0000 0.9857 0.9888 1.0000 1.0000 1.0000 0.3871 0.8214 0.9182 0.9565 0.9848 0.7111 0.6800 0.6829 0.9919 0.9821 0.9991 1.0000 0.8571 1.0000 0.9885]
Mean: 0.9026939302841903
Std: 0.15746666680845825

Cohen Kappa score: 0.9761709802036552
Confusion matrix:
[[3666    4    4    1    1    0    0    2    0    0    0    0    0    0    1    1    1    0    0    0    2    0    0    0    1    0    0]
 [   0   62    0    0    0    0    0    0    0    0    0    0    0    0    0    0    0    0    0    0    0    0    0    0    0    0    0]
 [   1    0   79    0    0    0    0    1    0    0    0    0    0    0    0    0    0    0    0    0    1    0    0    0    0    0    0]
 [   1    0    0   49    0    0    0    0    0    0    0    0    0    0    0    0    0    0    0    0    0    0    0    0    0    0    0]
 [   1    0    0    0   48    0    0    0    0    0    0    0    0    0    0    0    0    0    0    0    0    0    0    0    0    0    0]
 [   0    0    0    0    0   20    0    0    0    0    0    0    2    2    1    0    0    2    2   16    0    0    0    0    0    0    0]
 [   0    0    0    0    0    0   25    0    0    0    0    0    0    0    0    0    0    0    0    0    0    0    0    0    0    0    0]
 [   3    0    0    0    0    0    0  241    0    0    0    0    0    0    0    0    0    0    0    0    0    1    0    0    0    0    0]
 [   0    0    0    0    0    0    0    0   44    0    0    0    0    0    0    0    0    0    0    0    0    0    0    0    0    0    0]
 [   0    0    0    0    0    0    0    0    0 1710    0    0    0    0    0    0    0    0    0    0    0    0    0    0    0    0    0]
 [   0    0    0    0    0    0    0    0    0    0   59    0    0    0    0    0    0    0    0    0    0    0    0    0    0    0    0]
 [   0    0    0    0    0    0    0    0    0    0    0  285    0    0    0    0    0    0    0    0    0    0    0    0    0    0    0]
 [   0    0    0    0    0    1    0    0    0    0    0    0    6    2    0    0    0    2    0    9    0    0    0    0    0    0    0]
 [   0    0    0    0    0    0    0    0    0    0    0    0    0   23    1    0    0    0    0    0    0    0    0    0    0    0    0]
 [   1    0    0    0    0    0    0    0    0    0    0    0    0    0   73    0    0    0    0    3    0    0    0    0    0    0    0]
 [   0    0    0    0    0    0    0    0    0    0    0    0    0    0    0   11    0    0    0    0    0    0    0    0    0    0    0]
 [   2    0    0    0    0    0    0    0    0    0    0    0    0    0    0    0   97    0    0    0    0    0    0    0    0    0    0]
 [   0    0    0    0    0    4    0    0    0    0    0    0    0    2    0    0    0   48    1   10    0    0    0    0    0    0    0]
 [   0    0    0    0    0    1    0    0    0    0    0    0    1    0    4    0    0    3   17    2    0    0    0    0    0    0    0]
 [   0    0    0    0    0    1    0    0    0    0    0    0    2    3    2    0    0   15    2   70    0    0    0    0    0    0    0]
 [   1    0    0    0    0    0    0    0    0    0    0    0    0    0    0    0    0    0    0    0  246    0    0    0    0    0    0]
 [   1    0    0    0    0    0    0    0    0    0    0    0    0    0    0    0    0    0    0    0    0   55    0    0    0    0    0]
 [   0    0    0    0    0    0    0    0    1    0    0    0    0    0    0    0    0    0    0    0    0    0  535    0    0    0    0]
 [   0    0    0    0    0    0    0    0    0    0    0    0    0    0    0    0    0    0    0    0    0    0    0    8    0    0    0]
 [   0    0    0    0    0    0    0    0    0    0    0    0    0    0    0    0    0    0    0    0    0    0    0    0    3    0    0]
 [   0    0    0    0    0    0    0    0    0    0    0    0    0    0    0    0    0    0    0    0    0    0    0    0    0   21    0]
 [   1    0    0    0    0    0    0    0    0    0    0    0    0    0    0    0    0    0    0    0    0    0    0    0    0    0   43]]

