Classifier: GradientBoostingClassifier
Params: {'criterion': 'friedman_mse', 'init': None, 'learning_rate': 0.1, 'loss': 'deviance', 'max_depth': 3, 'max_features': None, 'max_leaf_nodes': None, 'min_impurity_decrease': 0.0, 'min_impurity_split': None, 'min_samples_leaf': 1, 'min_samples_split': 2, 'min_weight_fraction_leaf': 0.0, 'n_estimators': 100, 'presort': 'auto', 'random_state': None, 'subsample': 1.0, 'verbose': 0, 'warm_start': False}

Labels: None

Training accuracy: 0.9940383111806098
Training confusion matrix:
[[14700     0     0     4     0     0     0     1     0     0     0     0     0     0     0     0     1     0     0     0     0     0     0     0     0     0     0]
 [    0   238     0     0     0     0     0     0     0     0     0     0     0     0     0     0     0     0     0     0     0     0     0     0     0     0     0]
 [    0     0   295     0     0     0     0     0     0     0     0     0     0     0     0     0     0     0     0     0     0     0     0     0     0     0     0]
 [    0     0     0   193     0     0     0     0     0     0     0     0     0     0     0     0     0     0     0     0     0     0     0     0     0     0     0]
 [    0     0     0     0   196     0     0     0     0     0     0     0     0     0     0     0     0     0     0     0     0     0     0     0     0     0     0]
 [    0     0     0     0     0   133     0     0     0     0     0     0     1     1     3     0     0     1     0    14     0     0     0     0     0     0     0]
 [    0     0     0     0     0     0   120     0     0     0     0     0     0     0     0     0     0     0     0     0     0     0     0     0     0     0     0]
 [    0     0     0     0     0     0     0   972     0     0     0     0     0     0     0     0     0     0     0     0     0     0     0     0     0     0     0]
 [    0     0     0     0     0     0     0     0   179     0     0     0     0     0     0     0     0     0     0     0     0     0     0     0     0     0     0]
 [    7     0     0     0     0     0     0     0     0  6808     0     0     0     0     0     0     0     0     0     0     0     0     0     0     0     0     0]
 [    0     0     0     0     0     0     0     0     0     0   212     0     0     0     0     0     0     0     0     0     0     0     0     0     0     0     0]
 [    0     0     0     0     0     0     0     0     0     0     0  1178     0     0     0     0     0     0     0     0     0     0     0     0     0     0     0]
 [    0     0     0     0     0     3     0     0     0     0     0     0    82     5     0     0     0     3     0    12     0     0     0     0     0     0     0]
 [    0     0     0     0     0     2     0     0     0     0     0     0     1    83     0     0     0     1     0     2     0     0     0     0     0     0     0]
 [    0     0     0     0     0     0     0     0     0     0     0     0     2     1   309     0     0     1     5     4     0     0     0     0     0     0     0]
 [    0     0     0     0     0     0     0     0     0     0     0     0     0     0     0    55     0     0     0     0     0     0     0     0     0     0     0]
 [    1     0     0     0     0     0     0     0     0     0     0     0     0     0     0     0   420     0     0     0     0     0     0     0     0     0     0]
 [    1     0     0     0     0     3     0     0     0     0     0     0     4     2     0     0     0   235     0    36     0     0     0     0     0     0     0]
 [    0     0     0     0     0     1     0     0     0     0     0     0     0     0     4     0     0     2   111     6     0     0     0     0     0     0     0]
 [    0     0     0     0     0    10     0     0     0     0     0     0    18     5     2     0     0    11     1   337     0     0     0     0     0     0     0]
 [    1     0     0     0     0     0     0     0     0     0     0     0     0     0     0     0     0     0     0     0   995     0     0     0     0     0     0]
 [    0     0     0     0     0     0     0     0     0     0     0     0     0     0     0     0     0     0     0     0     0   211     0     0     0     0     0]
 [    0     0     0     0     0     0     0     0     0     0     0     0     0     0     0     0     0     0     0     0     0     0  2141     0     0     0     0]
 [    0     0     0     0     0     0     0     0     0     0     0     0     0     0     0     0     0     0     0     0     0     0     0    36     0     0     0]
 [    0     0     0     0     0     0     0     0     0     0     0     0     0     0     0     0     0     0     0     0     0     0     0     0    29     0     0]
 [    0     0     0     0     0     0     0     0     0     0     0     0     0     0     0     0     0     0     0     0     0     0     0     0     0    60     0]
 [    0     0     0     0     0     0     0     0     0     0     0     0     0     0     0     0     0     0     0     0     0     0     0     0     0     0   185]]

Accuracy: 0.9816262705238468

Precision: [0.9940 1.0000 0.9844 0.9259 1.0000 0.5957 1.0000 1.0000 1.0000 0.9983 0.9655 0.9967 0.8261 0.5500 0.8947 1.0000 0.9479 0.7368 0.7059 0.6129 0.9921 1.0000 1.0000 1.0000 1.0000 1.0000 1.0000]
Mean: 0.9158120677021802
Std: 0.14026826173253237

Recall: [0.9953 0.9833 0.9692 0.9804 1.0000 0.7179 1.0000 0.9963 1.0000 0.9948 0.9825 0.9967 0.6333 0.5789 0.8947 1.0000 0.9891 0.5915 0.7059 0.6951 0.9960 0.9831 1.0000 0.8889 1.0000 1.0000 0.9574]
Mean: 0.9085419284094455
Std: 0.14133945870089532

F1 score: [0.9947 0.9916 0.9767 0.9524 1.0000 0.6512 1.0000 0.9982 1.0000 0.9965 0.9739 0.9967 0.7170 0.5641 0.8947 1.0000 0.9681 0.6562 0.7059 0.6514 0.9941 0.9915 1.0000 0.9412 1.0000 1.0000 0.9783]
Mean: 0.9108975048973984
Std: 0.1392253323319451

Cohen Kappa score: 0.974248714992948
Confusion matrix:
[[3631    0    1    4    0    0    0    0    0    3    2    1    0    0    1    0    5    0    0    0    0    0    0    0    0    0    0]
 [   1   59    0    0    0    0    0    0    0    0    0    0    0    0    0    0    0    0    0    0    0    0    0    0    0    0    0]
 [   1    0   63    0    0    0    0    0    0    0    0    0    0    0    0    0    0    0    0    0    1    0    0    0    0    0    0]
 [   1    0    0   50    0    0    0    0    0    0    0    0    0    0    0    0    0    0    0    0    0    0    0    0    0    0    0]
 [   0    0    0    0   56    0    0    0    0    0    0    0    0    0    0    0    0    0    0    0    0    0    0    0    0    0    0]
 [   0    0    0    0    0   28    0    0    0    0    0    0    0    0    2    0    0    3    0    6    0    0    0    0    0    0    0]
 [   0    0    0    0    0    0   31    0    0    0    0    0    0    0    0    0    0    0    0    0    0    0    0    0    0    0    0]
 [   0    0    0    0    0    0    0  272    0    0    0    0    0    0    0    0    0    0    0    0    1    0    0    0    0    0    0]
 [   0    0    0    0    0    0    0    0   45    0    0    0    0    0    0    0    0    0    0    0    0    0    0    0    0    0    0]
 [   9    0    0    0    0    0    0    0    0 1728    0    0    0    0    0    0    0    0    0    0    0    0    0    0    0    0    0]
 [   1    0    0    0    0    0    0    0    0    0   56    0    0    0    0    0    0    0    0    0    0    0    0    0    0    0    0]
 [   1    0    0    0    0    0    0    0    0    0    0  298    0    0    0    0    0    0    0    0    0    0    0    0    0    0    0]
 [   0    0    0    0    0    2    0    0    0    0    0    0   19    2    0    0    0    2    0    5    0    0    0    0    0    0    0]
 [   0    0    0    0    0    3    0    0    0    0    0    0    0   11    1    0    0    3    0    1    0    0    0    0    0    0    0]
 [   0    0    0    0    0    1    0    0    0    0    0    0    0    0   68    0    0    0    6    1    0    0    0    0    0    0    0]
 [   0    0    0    0    0    0    0    0    0    0    0    0    0    0    0   13    0    0    0    0    0    0    0    0    0    0    0]
 [   1    0    0    0    0    0    0    0    0    0    0    0    0    0    0    0   91    0    0    0    0    0    0    0    0    0    0]
 [   1    0    0    0    0    1    0    0    0    0    0    0    2    2    1    0    0   42    1   21    0    0    0    0    0    0    0]
 [   0    0    0    0    0    2    0    0    0    0    0    0    1    2    3    0    0    0   24    2    0    0    0    0    0    0    0]
 [   1    0    0    0    0   10    0    0    0    0    0    0    1    3    0    0    0    7    3   57    0    0    0    0    0    0    0]
 [   1    0    0    0    0    0    0    0    0    0    0    0    0    0    0    0    0    0    0    0  251    0    0    0    0    0    0]
 [   1    0    0    0    0    0    0    0    0    0    0    0    0    0    0    0    0    0    0    0    0   58    0    0    0    0    0]
 [   0    0    0    0    0    0    0    0    0    0    0    0    0    0    0    0    0    0    0    0    0    0  505    0    0    0    0]
 [   1    0    0    0    0    0    0    0    0    0    0    0    0    0    0    0    0    0    0    0    0    0    0    8    0    0    0]
 [   0    0    0    0    0    0    0    0    0    0    0    0    0    0    0    0    0    0    0    0    0    0    0    0    9    0    0]
 [   0    0    0    0    0    0    0    0    0    0    0    0    0    0    0    0    0    0    0    0    0    0    0    0    0   15    0]
 [   2    0    0    0    0    0    0    0    0    0    0    0    0    0    0    0    0    0    0    0    0    0    0    0    0    0   45]]

