Classifier: LinearSVC
Params: {'C': 1.0, 'class_weight': None, 'dual': True, 'fit_intercept': True, 'intercept_scaling': 1, 'loss': 'squared_hinge', 'max_iter': 1000, 'multi_class': 'ovr', 'penalty': 'l2', 'random_state': None, 'tol': 0.0001, 'verbose': 0}

Labels: None

Training accuracy: 0.9910737555381809
Training confusion matrix:
[[14701     0     0     4     0     0     0     0     0     0     0     0     0     0     0     0     1     0     0     0     0     0     0     0     0     0     0]
 [    0   238     0     0     0     0     0     0     0     0     0     0     0     0     0     0     0     0     0     0     0     0     0     0     0     0     0]
 [    0     0   295     0     0     0     0     0     0     0     0     0     0     0     0     0     0     0     0     0     0     0     0     0     0     0     0]
 [    0     0     0   193     0     0     0     0     0     0     0     0     0     0     0     0     0     0     0     0     0     0     0     0     0     0     0]
 [    0     0     0     0   196     0     0     0     0     0     0     0     0     0     0     0     0     0     0     0     0     0     0     0     0     0     0]
 [    0     0     0     0     0   108     0     0     0     0     0     0     9     2     4     0     0     4     3    23     0     0     0     0     0     0     0]
 [    0     0     0     0     0     0   120     0     0     0     0     0     0     0     0     0     0     0     0     0     0     0     0     0     0     0     0]
 [    0     0     0     0     0     0     0   972     0     0     0     0     0     0     0     0     0     0     0     0     0     0     0     0     0     0     0]
 [    0     0     0     0     0     0     0     0   179     0     0     0     0     0     0     0     0     0     0     0     0     0     0     0     0     0     0]
 [    0     0     0     0     0     0     0     0     0  6815     0     0     0     0     0     0     0     0     0     0     0     0     0     0     0     0     0]
 [    0     0     0     0     0     0     0     0     0     0   212     0     0     0     0     0     0     0     0     0     0     0     0     0     0     0     0]
 [    0     0     0     0     0     0     0     0     0     0     0  1178     0     0     0     0     0     0     0     0     0     0     0     0     0     0     0]
 [    0     0     0     0     0     2     0     0     0     0     0     0    66     7     0     0     0     4     0    26     0     0     0     0     0     0     0]
 [    0     0     0     0     0     4     0     0     0     0     0     0     0    78     0     0     0     2     0     5     0     0     0     0     0     0     0]
 [    0     0     0     0     0     2     0     0     0     0     0     0     2     2   304     0     0     1     5     6     0     0     0     0     0     0     0]
 [    0     0     0     0     0     0     0     0     0     0     0     0     0     0     0    55     0     0     0     0     0     0     0     0     0     0     0]
 [    1     0     0     0     0     0     0     0     0     0     0     0     0     0     0     0   420     0     0     0     0     0     0     0     0     0     0]
 [    0     0     0     0     0     7     0     0     0     0     0     0     9     9     0     0     0   213     1    42     0     0     0     0     0     0     0]
 [    0     0     0     0     0     2     0     0     0     0     0     0     1     0    10     0     0     2   101     8     0     0     0     0     0     0     0]
 [    0     0     0     0     0    11     0     0     0     0     0     0    16     9     2     0     0    24     1   321     0     0     0     0     0     0     0]
 [    1     0     0     0     0     0     0     0     0     0     0     0     0     0     0     0     0     0     0     0   995     0     0     0     0     0     0]
 [    0     0     0     0     0     0     0     0     0     0     0     0     0     0     0     0     0     0     0     0     0   211     0     0     0     0     0]
 [    0     0     0     0     0     0     0     0     0     0     0     0     0     0     0     0     0     0     0     0     0     0  2141     0     0     0     0]
 [    0     0     0     0     0     0     0     0     0     0     0     0     0     0     0     0     0     0     0     0     0     0     0    36     0     0     0]
 [    0     0     0     0     0     0     0     0     0     0     0     0     0     0     0     0     0     0     0     0     0     0     0     0    29     0     0]
 [    0     0     0     0     0     0     0     0     0     0     0     0     0     0     0     0     0     0     0     0     0     0     0     0     0    60     0]
 [    0     0     0     0     0     0     0     0     0     0     0     0     0     0     0     0     0     0     0     0     0     0     0     0     0     0   185]]

Accuracy: 0.983059682043263

Precision: [0.9975 0.9836 0.9701 0.9259 1.0000 0.5952 1.0000 1.0000 1.0000 0.9988 0.9661 1.0000 0.7917 0.5600 0.8734 1.0000 0.9479 0.7857 0.7667 0.5895 0.9882 1.0000 1.0000 1.0000 1.0000 1.0000 0.9792]
Mean: 0.9155427615560358
Std: 0.13665981929315765

Recall: [0.9951 1.0000 1.0000 0.9804 1.0000 0.6410 1.0000 0.9890 1.0000 0.9988 1.0000 1.0000 0.6333 0.7368 0.9079 1.0000 0.9891 0.6197 0.6765 0.6829 1.0000 0.9831 1.0000 0.8889 0.7778 1.0000 1.0000]
Mean: 0.9074213710223504
Std: 0.13905985619112912

F1 score: [0.9963 0.9917 0.9848 0.9524 1.0000 0.6173 1.0000 0.9945 1.0000 0.9988 0.9828 1.0000 0.7037 0.6364 0.8903 1.0000 0.9681 0.6929 0.7188 0.6328 0.9941 0.9915 1.0000 0.9412 0.8750 1.0000 0.9895]
Mean: 0.9093599557730997
Std: 0.13446680511477016

Cohen Kappa score: 0.9762803069413211
Confusion matrix:
[[3630    1    2    3    0    0    0    0    0    2    2    0    0    0    1    0    5    0    0    0    1    0    0    0    0    0    1]
 [   0   60    0    0    0    0    0    0    0    0    0    0    0    0    0    0    0    0    0    0    0    0    0    0    0    0    0]
 [   0    0   65    0    0    0    0    0    0    0    0    0    0    0    0    0    0    0    0    0    0    0    0    0    0    0    0]
 [   1    0    0   50    0    0    0    0    0    0    0    0    0    0    0    0    0    0    0    0    0    0    0    0    0    0    0]
 [   0    0    0    0   56    0    0    0    0    0    0    0    0    0    0    0    0    0    0    0    0    0    0    0    0    0    0]
 [   0    0    0    0    0   25    0    0    0    0    0    0    1    0    3    0    0    2    0    8    0    0    0    0    0    0    0]
 [   0    0    0    0    0    0   31    0    0    0    0    0    0    0    0    0    0    0    0    0    0    0    0    0    0    0    0]
 [   1    0    0    0    0    0    0  270    0    0    0    0    0    0    0    0    0    0    0    0    2    0    0    0    0    0    0]
 [   0    0    0    0    0    0    0    0   45    0    0    0    0    0    0    0    0    0    0    0    0    0    0    0    0    0    0]
 [   2    0    0    0    0    0    0    0    0 1735    0    0    0    0    0    0    0    0    0    0    0    0    0    0    0    0    0]
 [   0    0    0    0    0    0    0    0    0    0   57    0    0    0    0    0    0    0    0    0    0    0    0    0    0    0    0]
 [   0    0    0    0    0    0    0    0    0    0    0  299    0    0    0    0    0    0    0    0    0    0    0    0    0    0    0]
 [   0    0    0    0    0    0    0    0    0    0    0    0   19    3    0    0    0    2    0    6    0    0    0    0    0    0    0]
 [   0    0    0    0    0    3    0    0    0    0    0    0    0   14    1    0    0    1    0    0    0    0    0    0    0    0    0]
 [   0    0    0    0    0    0    0    0    0    0    0    0    0    0   69    0    0    0    4    3    0    0    0    0    0    0    0]
 [   0    0    0    0    0    0    0    0    0    0    0    0    0    0    0   13    0    0    0    0    0    0    0    0    0    0    0]
 [   1    0    0    0    0    0    0    0    0    0    0    0    0    0    0    0   91    0    0    0    0    0    0    0    0    0    0]
 [   0    0    0    0    0    3    0    0    0    0    0    0    0    2    1    0    0   44    1   20    0    0    0    0    0    0    0]
 [   0    0    0    0    0    1    0    0    0    0    0    0    2    2    4    0    0    0   23    2    0    0    0    0    0    0    0]
 [   1    0    0    0    0   10    0    0    0    0    0    0    2    4    0    0    0    7    2   56    0    0    0    0    0    0    0]
 [   0    0    0    0    0    0    0    0    0    0    0    0    0    0    0    0    0    0    0    0  252    0    0    0    0    0    0]
 [   1    0    0    0    0    0    0    0    0    0    0    0    0    0    0    0    0    0    0    0    0   58    0    0    0    0    0]
 [   0    0    0    0    0    0    0    0    0    0    0    0    0    0    0    0    0    0    0    0    0    0  505    0    0    0    0]
 [   1    0    0    0    0    0    0    0    0    0    0    0    0    0    0    0    0    0    0    0    0    0    0    8    0    0    0]
 [   1    0    0    1    0    0    0    0    0    0    0    0    0    0    0    0    0    0    0    0    0    0    0    0    7    0    0]
 [   0    0    0    0    0    0    0    0    0    0    0    0    0    0    0    0    0    0    0    0    0    0    0    0    0   15    0]
 [   0    0    0    0    0    0    0    0    0    0    0    0    0    0    0    0    0    0    0    0    0    0    0    0    0    0   47]]

