Classifier: RandomForestClassifier
Params: {'bootstrap': True, 'class_weight': None, 'criterion': 'gini', 'max_depth': None, 'max_features': 'auto', 'max_leaf_nodes': None, 'min_impurity_decrease': 0.0, 'min_impurity_split': None, 'min_samples_leaf': 1, 'min_samples_split': 2, 'min_weight_fraction_leaf': 0.0, 'n_estimators': 100, 'n_jobs': 1, 'oob_score': False, 'random_state': None, 'verbose': 0, 'warm_start': False}

Labels: None

Training accuracy: 0.9976056188145153
Training confusion matrix:
[[8879    0    0    0    0    0    0    0    0    0    0    0    0    0    0    0    0    0    0    0    0    0    0    0    0    0    0]
 [   0   63    0    0    0    0    0    0    0    0    0    0    0    0    0    0    0    0    0    0    0    0    0    0    0    0    0]
 [   0    0  193    0    0    0    0    0    0    0    0    0    0    0    0    0    0    0    0    0    0    0    0    0    0    0    0]
 [   0    0    0  119    0    0    0    0    0    0    0    0    0    0    0    0    0    0    0    0    0    0    0    0    0    0    0]
 [   0    0    0    0  159    0    0    0    0    0    0    0    0    0    0    0    0    0    0    0    0    0    0    0    0    0    0]
 [   0    0    0    0    0   47    0    0    0    0    0    0    0    0    1    0    0    0    0    1    0    0    0    0    0    0    0]
 [   0    0    0    0    0    0   29    0    0    0    0    0    0    0    0    0    0    0    0    0    0    0    0    0    0    0    0]
 [   0    0    0    0    0    0    0  535    0    0    0    0    0    0    0    0    0    0    0    0    0    0    0    0    0    0    0]
 [   0    0    0    0    0    0    0    0  116    0    0    0    0    0    0    0    0    0    0    0    0    0    0    0    0    0    0]
 [   0    0    0    0    0    0    0    0    0 5081    0    0    0    0    0    0    0    0    0    0    0    0    0    0    0    0    0]
 [   0    0    0    0    0    0    0    0    0    0  133    0    0    0    0    0    0    0    0    0    0    0    0    0    0    0    0]
 [   0    0    0    0    0    0    0    0    0    0    0   45    0    0    0    0    0    0    0    0    0    0    0    0    0    0    0]
 [   0    0    0    0    0    0    0    0    0    0    0    0   44    0    0    0    0    0    0    1    0    0    0    0    0    0    0]
 [   0    0    0    0    0    0    0    0    0    0    0    0    0   14    0    0    0    0    0    1    0    0    0    0    0    0    0]
 [   0    0    0    0    0    2    0    0    0    0    0    0    0    0  151    0    0    1    0    0    0    0    0    0    0    0    0]
 [   0    0    0    0    0    0    0    0    0    0    0    0    0    0    0   30    0    0    0    0    0    0    0    0    0    0    0]
 [   1    0    0    0    0    0    0    0    0    0    0    0    0    0    0    0  323    0    0    0    0    0    0    0    0    0    0]
 [   0    0    0    0    0    0    0    0    0    0    0    0    1    0    0    0    0  122    0   11    0    0    0    0    0    0    0]
 [   0    0    0    0    0    1    0    0    0    0    0    0    0    1    0    0    0    2   47    5    0    0    0    0    0    0    0]
 [   0    0    0    0    0    3    0    0    0    0    0    0    5    0    4    0    0    4    0  118    0    0    0    0    0    0    0]
 [   0    0    0    0    0    0    0    0    0    0    0    0    0    0    0    0    0    0    0    0  652    0    0    0    0    0    0]
 [   0    0    0    0    0    0    0    0    0    0    0    0    0    0    0    0    0    0    0    0    0  159    0    0    0    0    0]
 [   0    0    0    0    0    0    0    0    0    0    0    0    0    0    0    0    0    0    0    0    0    0 1495    0    0    0    0]
 [   0    0    0    0    0    0    0    0    0    0    0    0    0    0    0    0    0    0    0    0    0    0    0   13    0    0    0]
 [   0    0    0    0    0    0    0    0    0    0    0    0    0    0    0    0    0    0    0    0    0    0    0    0   17    0    0]
 [   0    0    0    0    0    0    0    0    0    0    0    0    0    0    0    0    0    0    0    0    0    0    0    0    0   43    0]
 [   0    0    0    0    0    0    0    0    0    0    0    0    0    0    0    0    0    0    0    0    0    0    0    0    0    0  122]]

Accuracy: 0.8427155700858193

Precision: [0.7723 0.9667 0.9427 0.9643 0.7154 0.7692 1.0000 0.9878 1.0000 1.0000 1.0000 1.0000 0.6250 1.0000 0.8875 0.9615 0.9873 0.3729 0.8947 0.4473 0.9703 1.0000 0.9965 0.7500 1.0000 0.9697 1.0000]
Mean: 0.8881873221291462
Std: 0.17034596880314787

Recall: [0.9965 0.1234 0.8862 0.8640 1.0000 0.1399 0.9262 0.9127 0.9537 0.9576 0.5515 0.0077 0.0556 0.0108 0.2910 0.6579 0.8201 0.1009 0.1667 0.3705 0.9866 0.9459 1.0000 0.0938 0.4762 1.0000 0.6818]
Mean: 0.5917429563574477
Std: 0.37830914392515996

F1 score: [0.8702 0.2189 0.9136 0.9114 0.8341 0.2367 0.9617 0.9488 0.9763 0.9784 0.7109 0.0152 0.1020 0.0213 0.4383 0.7812 0.8960 0.1588 0.2810 0.4053 0.9784 0.9722 0.9983 0.1667 0.6452 0.9846 0.8108]
Mean: 0.6376327454263487
Std: 0.35170875891867853

Cohen Kappa score: 0.7621295520091271
Confusion matrix:
[[9442    1    0    2    2    0    0    5    0    0    0    0    0    0    0    0    0    6    0   14    0    0    2    1    0    0    0]
 [ 206   29    0    0    0    0    0    0    0    0    0    0    0    0    0    0    0    0    0    0    0    0    0    0    0    0    0]
 [  10    0  148    0    8    0    0    1    0    0    0    0    0    0    0    0    0    0    0    0    0    0    0    0    0    0    0]
 [  17    0    0  108    0    0    0    0    0    0    0    0    0    0    0    0    0    0    0    0    0    0    0    0    0    0    0]
 [   0    0    0    0   93    0    0    0    0    0    0    0    0    0    0    0    0    0    0    0    0    0    0    0    0    0    0]
 [  99    0    0    0    0   20    0    0    0    0    0    0    0    0    3    0    0    4    0   17    0    0    0    0    0    0    0]
 [   0    0    1    0    7    0  113    0    0    0    0    0    0    0    0    0    0    0    0    0    0    0    1    0    0    0    0]
 [  46    0    4    0    0    0    0  648    0    0    0    0    0    0    0    0    0    0    0    0   11    0    1    0    0    0    0]
 [   0    0    0    0    2    0    0    0  103    0    0    0    0    0    0    0    0    0    0    0    2    0    0    0    0    1    0]
 [ 145    0    0    0    0    0    0    0    0 3324    0    0    0    0    0    0    2    0    0    0    0    0    0    0    0    0    0]
 [  61    0    0    0    0    0    0    0    0    0   75    0    0    0    0    0    0    0    0    0    0    0    0    0    0    0    0]
 [1421    0    0    0    0    0    0    0    0    0    0   11    0    0    0    0    0    0    0    0    0    0    0    0    0    0    0]
 [  54    0    0    0    0    0    0    0    0    0    0    0    5    0    0    0    0    1    0   30    0    0    0    0    0    0    0]
 [  66    0    0    0    0    0    0    0    0    0    0    0    0    1    0    0    0    3    0   23    0    0    0    0    0    0    0]
 [ 152    0    0    0    0    0    0    0    0    0    0    0    0    0   71    0    0   11    2    8    0    0    0    0    0    0    0]
 [   1    0    0    0   12    0    0    0    0    0    0    0    0    0    0   25    0    0    0    0    0    0    0    0    0    0    0]
 [  32    0    0    1    1    0    0    0    0    0    0    0    0    0    0    0  155    0    0    0    0    0    0    0    0    0    0]
 [ 145    0    0    0    0    1    0    0    0    0    0    0    0    0    0    0    0   22    0   50    0    0    0    0    0    0    0]
 [  62    0    0    0    0    1    0    0    0    0    0    0    0    0    0    0    0   12   17   10    0    0    0    0    0    0    0]
 [ 194    0    2    0    0    4    0    0    0    0    0    0    3    0    6    0    0    0    0  123    0    0    0    0    0    0    0]
 [   7    0    0    0    0    0    0    0    0    0    0    0    0    0    0    1    0    0    0    0  588    0    0    0    0    0    0]
 [   4    0    0    0    0    0    0    2    0    0    0    0    0    0    0    0    0    0    0    0    0  105    0    0    0    0    0]
 [   0    0    0    0    0    0    0    0    0    0    0    0    0    0    0    0    0    0    0    0    0    0 1151    0    0    0    0]
 [  29    0    0    0    0    0    0    0    0    0    0    0    0    0    0    0    0    0    0    0    0    0    0    3    0    0    0]
 [  10    0    0    1    0    0    0    0    0    0    0    0    0    0    0    0    0    0    0    0    0    0    0    0   10    0    0]
 [   0    0    0    0    0    0    0    0    0    0    0    0    0    0    0    0    0    0    0    0    0    0    0    0    0   32    0]
 [  23    0    2    0    5    0    0    0    0    0    0    0    0    0    0    0    0    0    0    0    5    0    0    0    0    0   75]]

