Classifier: LinearSVC
Params: {'C': 1.0, 'class_weight': None, 'dual': True, 'fit_intercept': True, 'intercept_scaling': 1, 'loss': 'squared_hinge', 'max_iter': 1000, 'multi_class': 'crammer_singer', 'penalty': 'l2', 'random_state': None, 'tol': 0.0001, 'verbose': 0}

Labels: None

Training accuracy: 0.991106333072713
Training confusion matrix:
[[14684     0     1     5     0     0     0     1     0     0     0     0     0     0     0     0     6     0     0     0     0     0     0     0     1     0     0]
 [    0   243     0     0     0     0     0     0     0     0     0     0     0     0     0     0     0     0     0     0     0     0     0     0     0     0     0]
 [    0     0   290     0     0     0     0     0     0     0     0     0     0     0     0     0     0     0     0     0     0     0     0     0     0     0     0]
 [    0     0     0   197     0     0     0     0     0     0     0     0     0     0     0     0     0     0     0     0     0     0     0     0     0     0     0]
 [    0     0     0     0   207     0     0     0     0     0     0     0     0     0     0     0     0     0     0     0     0     0     0     0     0     0     0]
 [    0     0     0     0     0    99     0     0     0     0     0     0     5     1     2     0     0     2     5    26     0     0     0     0     0     0     0]
 [    0     0     0     0     0     0   127     0     0     0     0     0     0     0     0     0     0     0     0     0     0     0     0     0     0     0     0]
 [    0     0     0     0     0     0     0   973     0     0     0     0     0     0     0     0     0     0     0     0     0     0     0     0     0     0     0]
 [    0     0     0     0     0     0     0     0   185     0     0     0     0     0     0     0     0     0     0     0     0     0     0     0     0     0     0]
 [    0     0     0     0     0     0     0     0     0  6865     0     0     0     0     0     0     0     0     0     0     0     0     0     0     0     0     0]
 [    0     0     0     0     0     0     0     0     0     0   216     0     0     0     0     0     0     0     0     0     0     0     0     0     0     0     0]
 [    0     0     0     0     0     0     0     0     0     0     0  1188     0     0     0     0     0     0     0     0     0     0     0     0     0     0     0]
 [    0     0     0     0     0     1     0     0     0     0     0     0    83     3     0     0     0     6     0    12     0     0     0     0     0     0     0]
 [    0     0     0     0     0     3     0     0     0     0     0     0     4    71     0     0     0     2     0     7     0     0     0     0     0     0     0]
 [    0     0     0     0     0     2     0     0     0     0     0     0     1     1   303     0     0     0     7     7     0     0     0     0     0     0     0]
 [    0     0     0     0     0     0     0     0     0     0     0     0     0     0     0    52     0     0     0     0     0     0     0     0     0     0     0]
 [    0     0     0     0     0     0     0     0     0     0     0     0     0     0     0     0   407     0     0     0     0     0     0     0     0     0     0]
 [    0     0     0     0     0    10     0     0     0     0     0     0     9     9     0     0     0   227     1    27     0     0     0     0     0     0     0]
 [    0     0     0     0     0     1     0     0     0     0     0     0     0     1     9     0     0     0   100    10     0     0     0     0     0     0     0]
 [    0     0     0     0     0     7     0     0     0     0     0     0    20     6     3     0     0    47     0   288     0     0     0     0     0     0     0]
 [    0     0     0     0     0     0     0     0     0     0     0     0     0     0     0     0     0     0     0     0  1003     0     0     0     0     0     0]
 [    1     0     0     0     0     0     0     0     0     0     0     0     0     0     0     0     0     0     0     0     0   210     0     0     0     0     0]
 [    0     0     0     0     0     0     0     0     0     0     0     0     0     0     0     0     0     0     0     0     0     0  2092     0     0     0     0]
 [    1     0     0     0     0     0     0     0     0     0     0     0     0     0     0     0     0     0     0     0     0     0     0    33     0     0     0]
 [    0     0     0     0     0     0     0     0     0     0     0     0     0     0     0     0     0     0     0     0     0     0     0     0    30     0     0]
 [    0     0     0     0     0     0     0     0     0     0     0     0     0     0     0     0     0     0     0     0     0     0     0     0     0    61     0]
 [    0     0     0     0     0     0     0     0     0     0     0     0     0     0     0     0     0     0     0     0     0     0     0     0     0     0   189]]

Accuracy: 0.9795413083137868

Precision: [0.9948 0.9167 1.0000 0.9020 1.0000 0.7317 1.0000 0.9926 0.9750 0.9994 0.9815 1.0000 0.5588 0.6800 0.8904 1.0000 0.9811 0.6207 0.7097 0.6437 0.9878 0.9833 1.0000 1.0000 0.8889 1.0000 0.9773]
Mean: 0.904271444099348
Std: 0.13877511593222924

Recall: [0.9945 1.0000 0.9714 0.9787 0.9556 0.5769 1.0000 0.9853 1.0000 0.9988 1.0000 1.0000 0.6333 0.8095 0.8442 1.0000 0.9811 0.7826 0.5946 0.5895 0.9918 1.0000 0.9946 1.0000 1.0000 0.9286 1.0000]
Mean: 0.9115216210217832
Std: 0.14296204816831676

F1 score: [0.9947 0.9565 0.9855 0.9388 0.9773 0.6452 1.0000 0.9889 0.9873 0.9991 0.9907 1.0000 0.5938 0.7391 0.8667 1.0000 0.9811 0.6923 0.6471 0.6154 0.9898 0.9916 0.9973 1.0000 0.9412 0.9630 0.9885]
Mean: 0.9063227567703672
Std: 0.13868179586936247

Cohen Kappa score: 0.9713829652377342
Confusion matrix:
[[3636    5    0    5    0    0    0    1    0    1    1    0    0    0    1    0    2    0    0    0    2    1    0    0    0    0    1]
 [   0   55    0    0    0    0    0    0    0    0    0    0    0    0    0    0    0    0    0    0    0    0    0    0    0    0    0]
 [   2    0   68    0    0    0    0    0    0    0    0    0    0    0    0    0    0    0    0    0    0    0    0    0    0    0    0]
 [   1    0    0   46    0    0    0    0    0    0    0    0    0    0    0    0    0    0    0    0    0    0    0    0    0    0    0]
 [   2    0    0    0   43    0    0    0    0    0    0    0    0    0    0    0    0    0    0    0    0    0    0    0    0    0    0]
 [   0    0    0    0    0   30    0    0    0    0    0    0    4    1    3    0    0    0    2   12    0    0    0    0    0    0    0]
 [   0    0    0    0    0    0   24    0    0    0    0    0    0    0    0    0    0    0    0    0    0    0    0    0    0    0    0]
 [   3    0    0    0    0    0    0  268    0    0    0    0    0    0    0    0    0    0    0    0    1    0    0    0    0    0    0]
 [   0    0    0    0    0    0    0    0   39    0    0    0    0    0    0    0    0    0    0    0    0    0    0    0    0    0    0]
 [   2    0    0    0    0    0    0    0    0 1685    0    0    0    0    0    0    0    0    0    0    0    0    0    0    0    0    0]
 [   0    0    0    0    0    0    0    0    0    0   53    0    0    0    0    0    0    0    0    0    0    0    0    0    0    0    0]
 [   0    0    0    0    0    0    0    0    0    0    0  289    0    0    0    0    0    0    0    0    0    0    0    0    0    0    0]
 [   1    0    0    0    0    3    0    0    0    0    0    0   19    0    0    0    0    4    0    3    0    0    0    0    0    0    0]
 [   0    0    0    0    0    3    0    0    0    0    0    0    0   17    0    0    0    0    0    1    0    0    0    0    0    0    0]
 [   3    0    0    0    0    0    0    0    0    0    0    0    1    1   65    0    0    1    6    0    0    0    0    0    0    0    0]
 [   0    0    0    0    0    0    0    0    0    0    0    0    0    0    0   16    0    0    0    0    0    0    0    0    0    0    0]
 [   1    0    0    0    0    0    0    0    0    0    0    0    0    0    0    0  104    0    0    0    0    0    0    0    1    0    0]
 [   0    0    0    0    0    1    0    0    0    0    0    0    2    2    0    0    0   54    0   10    0    0    0    0    0    0    0]
 [   0    0    0    0    0    0    0    0    0    0    0    0    0    1    4    0    0    5   22    5    0    0    0    0    0    0    0]
 [   0    0    0    0    0    4    0    0    0    0    0    0    8    3    0    0    0   23    1   56    0    0    0    0    0    0    0]
 [   1    0    0    0    0    0    0    1    0    0    0    0    0    0    0    0    0    0    0    0  243    0    0    0    0    0    0]
 [   0    0    0    0    0    0    0    0    0    0    0    0    0    0    0    0    0    0    0    0    0   59    0    0    0    0    0]
 [   2    0    0    0    0    0    0    0    1    0    0    0    0    0    0    0    0    0    0    0    0    0  551    0    0    0    0]
 [   0    0    0    0    0    0    0    0    0    0    0    0    0    0    0    0    0    0    0    0    0    0    0   11    0    0    0]
 [   0    0    0    0    0    0    0    0    0    0    0    0    0    0    0    0    0    0    0    0    0    0    0    0    8    0    0]
 [   1    0    0    0    0    0    0    0    0    0    0    0    0    0    0    0    0    0    0    0    0    0    0    0    0   13    0]
 [   0    0    0    0    0    0    0    0    0    0    0    0    0    0    0    0    0    0    0    0    0    0    0    0    0    0   43]]

