Classifier: AdaBoostClassifier
Params: {'algorithm': 'SAMME.R', 'base_estimator__class_weight': None, 'base_estimator__criterion': 'gini', 'base_estimator__max_depth': 1, 'base_estimator__max_features': None, 'base_estimator__max_leaf_nodes': None, 'base_estimator__min_impurity_decrease': 0.0, 'base_estimator__min_impurity_split': None, 'base_estimator__min_samples_leaf': 1, 'base_estimator__min_samples_split': 2, 'base_estimator__min_weight_fraction_leaf': 0.0, 'base_estimator__presort': False, 'base_estimator__random_state': None, 'base_estimator__splitter': 'best', 'base_estimator': DecisionTreeClassifier(class_weight=None, criterion='gini', max_depth=1,
            max_features=None, max_leaf_nodes=None,
            min_impurity_decrease=0.0, min_impurity_split=None,
            min_samples_leaf=1, min_samples_split=2,
            min_weight_fraction_leaf=0.0, presort=False, random_state=None,
            splitter='best'), 'learning_rate': 1.0, 'n_estimators': 100, 'random_state': None}

Labels: None

Training accuracy: 0.7963446475195822
Training confusion matrix:
[[182   0   0   0   0   0   0   0   0   6   0   0   0   0   0   0   0   0   0   0]
 [  1   0   0   0   0   0   0   0   0   0   0   0   0   0   0   0   0   0   0   0]
 [  1   0   0   0   0   0   0   0   0   0   0   0   0   0   0   0   0   0   0   0]
 [  5   0   0   0   0   0   0   0   0   0   0   0   0   0   0   0   0   0   0   0]
 [  0   0   0   0   5   0   0   0   0   0   0   0   0   0   0   0   0   0   0   0]
 [  2   0   0   0   0   0   0   0   0   0   0   0   0   0   0   0   0   0   0   0]
 [  1   0   0   0   0   0   0   0   0   0   0   0   0   0   0   0   0   0   0   0]
 [ 14   0   0   0   0   0   0   0   0   0   0   0   0   0   0   0   0   0   0   0]
 [  1   0   0   0   0   0   0   0   0   0   0   0   0   0   0   0   0   0   0   0]
 [  6   0   0   0   0   0   0   0   0  89   0   0   0   0   0   0   0   0   0   0]
 [  1   0   0   0   0   0   0   0   0   0   0   0   0   0   0   0   0   0   0   0]
 [ 14   0   0   0   0   0   0   0   0   0   0   0   0   0   0   0   0   0   0   0]
 [  0   0   0   0   0   0   0   0   0   0   0   0   4   0   0   0   0   0   0   0]
 [  7   0   0   0   0   0   0   0   0   0   0   0   0   0   0   0   0   0   0   0]
 [  2   0   0   0   0   0   0   0   0   0   0   0   0   0   0   0   0   0   0   0]
 [  5   0   0   0   0   0   0   0   0   0   0   0   0   0   0   0   0   0   0   0]
 [ 12   0   0   0   0   0   0   0   0   0   0   0   0   0   0   0   0   0   0   0]
 [  0   0   0   0   0   0   0   0   0   0   0   0   0   0   0   0   0   1   0   0]
 [  0   0   0   0   0   0   0   0   0   0   0   0   0   0   0   0   0   0  22   0]
 [  0   0   0   0   0   0   0   0   0   0   0   0   0   0   0   0   0   0   0   2]]

Accuracy: 0.755074104298839

Precision: [0.6665 0.0000 0.0000 0.0000 0.9462 0.0000 0.0000 0.0000 0.0000 0.9537 0.0000 0.0000 0.0000 0.0000 0.0000 0.9556 0.0000 0.0000 0.0000 0.0000 0.0000 0.9487 0.9909 0.0000 0.0000 0.0000 0.9811]
Mean: 0.2386202424822182
Std: 0.40685833017034706

Recall: [0.9769 0.0000 0.0000 0.0000 0.9960 0.0000 0.0000 0.0000 0.0000 0.9262 0.0000 0.0000 0.0000 0.0000 0.0000 0.6719 0.0000 0.0000 0.0000 0.0000 0.0000 0.1375 0.9989 0.0000 0.0000 0.0000 0.6783]
Mean: 0.19946816168619783
Std: 0.36807905007440755

F1 score: [0.7924 0.0000 0.0000 0.0000 0.9704 0.0000 0.0000 0.0000 0.0000 0.9398 0.0000 0.0000 0.0000 0.0000 0.0000 0.7890 0.0000 0.0000 0.0000 0.0000 0.0000 0.2403 0.9949 0.0000 0.0000 0.0000 0.8021]
Mean: 0.20476990166513187
Std: 0.3668674370282658

Cohen Kappa score: 0.5996532223100464
Confusion matrix:
[[17747     0     0     0    14     0     0     0     0   380     0     0     0     0     0     2     0     0     0     0     0     1    22     0     0     0     0]
 [  297     0     0     0     0     0     0     0     0     0     0     0     0     0     0     0     0     0     0     0     0     0     0     0     0     0     0]
 [  357     0     0     0     0     0     0     0     0     0     0     0     0     0     0     0     0     0     0     0     0     0     0     0     0     0     2]
 [  239     0     0     0     0     0     0     0     0     0     0     0     0     0     0     0     0     0     0     0     0     0     0     0     0     0     0]
 [    1     0     0     0   246     0     0     0     0     0     0     0     0     0     0     0     0     0     0     0     0     0     0     0     0     0     0]
 [  190     0     0     0     0     0     0     0     0     0     0     0     0     0     0     0     0     0     0     0     0     0     0     0     0     0     0]
 [  150     0     0     0     0     0     0     0     0     0     0     0     0     0     0     0     0     0     0     0     0     0     0     0     0     0     0]
 [ 1230     0     0     0     0     0     0     0     0     0     0     0     0     0     0     0     0     0     0     0     0     1     0     0     0     0     0]
 [  222     0     0     0     0     0     0     0     0     0     0     0     0     0     0     0     0     0     0     0     0     0     1     0     0     0     0]
 [  624     0     0     0     0     0     0     0     0  7833     0     0     0     0     0     0     0     0     0     0     0     0     0     0     0     0     0]
 [  268     0     0     0     0     0     0     0     0     0     0     0     0     0     0     0     0     0     0     0     0     0     0     0     0     0     0]
 [ 1463     0     0     0     0     0     0     0     0     0     0     0     0     0     0     0     0     0     0     0     0     0     0     0     0     0     0]
 [  135     0     0     0     0     0     0     0     0     0     0     0     0     0     0     0     0     0     0     0     0     0     0     0     0     0     0]
 [  108     0     0     0     0     0     0     0     0     0     0     0     0     0     0     0     0     0     0     0     0     0     0     0     0     0     0]
 [  398     0     0     0     0     0     0     0     0     0     0     0     0     0     0     0     0     0     0     0     0     0     0     0     0     0     0]
 [   20     0     0     0     0     0     0     0     0     0     0     0     0     0     0    43     0     0     0     0     0     0     1     0     0     0     0]
 [  506     0     0     0     0     0     0     0     0     0     0     0     0     0     0     0     0     0     0     0     0     0     0     0     0     0     0]
 [  350     0     0     0     0     0     0     0     0     0     0     0     0     0     0     0     0     0     0     0     0     0     0     0     0     0     0]
 [  158     0     0     0     0     0     0     0     0     0     0     0     0     0     0     0     0     0     0     0     0     0     0     0     0     0     0]
 [  461     0     0     0     0     0     0     0     0     0     0     0     0     0     0     0     0     0     0     0     0     0     0     0     0     0     0]
 [ 1235     0     0     0     0     0     0     0     0     0     0     0     0     0     0     0     0     0     0     0     0     0     0     0     0     0     1]
 [  232     0     0     0     0     0     0     0     0     0     0     0     0     0     0     0     0     0     0     0     0    37     0     0     0     0     0]
 [    3     0     0     0     0     0     0     0     0     0     0     0     0     0     0     0     0     0     0     0     0     0  2621     0     0     0     0]
 [   45     0     0     0     0     0     0     0     0     0     0     0     0     0     0     0     0     0     0     0     0     0     0     0     0     0     0]
 [   38     0     0     0     0     0     0     0     0     0     0     0     0     0     0     0     0     0     0     0     0     0     0     0     0     0     0]
 [   75     0     0     0     0     0     0     0     0     0     0     0     0     0     0     0     0     0     0     0     0     0     0     0     0     0     0]
 [   74     0     0     0     0     0     0     0     0     0     0     0     0     0     0     0     0     0     0     0     0     0     0     0     0     0   156]]

