Classifier: GradientBoostingClassifier
Params: {'criterion': 'friedman_mse', 'init': None, 'learning_rate': 0.1, 'loss': 'deviance', 'max_depth': 3, 'max_features': None, 'max_leaf_nodes': None, 'min_impurity_decrease': 0.0, 'min_impurity_split': None, 'min_samples_leaf': 1, 'min_samples_split': 2, 'min_weight_fraction_leaf': 0.0, 'n_estimators': 100, 'presort': 'auto', 'random_state': None, 'subsample': 1.0, 'verbose': 0, 'warm_start': False}

Labels: None

Training accuracy: 1.0
Training confusion matrix:
[[188   0   0   0   0   0   0   0   0   0   0   0   0   0   0   0   0   0   0   0]
 [  0   1   0   0   0   0   0   0   0   0   0   0   0   0   0   0   0   0   0   0]
 [  0   0   1   0   0   0   0   0   0   0   0   0   0   0   0   0   0   0   0   0]
 [  0   0   0   5   0   0   0   0   0   0   0   0   0   0   0   0   0   0   0   0]
 [  0   0   0   0   5   0   0   0   0   0   0   0   0   0   0   0   0   0   0   0]
 [  0   0   0   0   0   2   0   0   0   0   0   0   0   0   0   0   0   0   0   0]
 [  0   0   0   0   0   0   1   0   0   0   0   0   0   0   0   0   0   0   0   0]
 [  0   0   0   0   0   0   0  14   0   0   0   0   0   0   0   0   0   0   0   0]
 [  0   0   0   0   0   0   0   0   1   0   0   0   0   0   0   0   0   0   0   0]
 [  0   0   0   0   0   0   0   0   0  95   0   0   0   0   0   0   0   0   0   0]
 [  0   0   0   0   0   0   0   0   0   0   1   0   0   0   0   0   0   0   0   0]
 [  0   0   0   0   0   0   0   0   0   0   0  14   0   0   0   0   0   0   0   0]
 [  0   0   0   0   0   0   0   0   0   0   0   0   4   0   0   0   0   0   0   0]
 [  0   0   0   0   0   0   0   0   0   0   0   0   0   7   0   0   0   0   0   0]
 [  0   0   0   0   0   0   0   0   0   0   0   0   0   0   2   0   0   0   0   0]
 [  0   0   0   0   0   0   0   0   0   0   0   0   0   0   0   5   0   0   0   0]
 [  0   0   0   0   0   0   0   0   0   0   0   0   0   0   0   0  12   0   0   0]
 [  0   0   0   0   0   0   0   0   0   0   0   0   0   0   0   0   0   1   0   0]
 [  0   0   0   0   0   0   0   0   0   0   0   0   0   0   0   0   0   0  22   0]
 [  0   0   0   0   0   0   0   0   0   0   0   0   0   0   0   0   0   0   0   2]]

Accuracy: 0.8937531260694448

Precision: [0.8702 0.0000 1.0000 0.3145 0.9572 0.0000 1.0000 0.9139 0.9955 0.9897 0.6842 1.0000 0.0000 0.0000 0.0000 0.9661 1.0000 0.3243 0.0000 0.3787 0.9169 0.9722 0.9909 0.0000 0.0000 0.0000 0.9860]
Mean: 0.5652014875599369
Std: 0.4448533418556248

Recall: [0.9621 0.0000 0.2145 0.7448 0.9960 0.0000 0.7400 0.8879 0.9955 0.9801 0.2425 0.9501 0.0000 0.0000 0.0000 0.8906 0.8439 0.3086 0.0000 0.5792 0.9280 0.1301 0.9989 0.0000 0.0000 0.0000 0.6130]
Mean: 0.4816931562594992
Std: 0.4167889632092774

F1 score: [0.9139 0.0000 0.3532 0.4422 0.9762 0.0000 0.8506 0.9007 0.9955 0.9849 0.3581 0.9744 0.0000 0.0000 0.0000 0.9268 0.9153 0.3163 0.0000 0.4580 0.9224 0.2295 0.9949 0.0000 0.0000 0.0000 0.7560]
Mean: 0.4914417833144927
Std: 0.4142158583683806

Cohen Kappa score: 0.845811669846711
Confusion matrix:
[[17477     0     0   363    11    12     0    33     0    75    30     0     0     0     0     2     0    87     0    41    12     1    22     0     0     0     0]
 [  297     0     0     0     0     0     0     0     0     0     0     0     0     0     0     0     0     0     0     0     0     0     0     0     0     0     0]
 [  205     0    77     0     0     0     0    55     0     0     0     0     0     0     0     0     0     0     0     0    20     0     0     0     0     0     2]
 [   56     0     0   178     0     0     0     0     0     5     0     0     0     0     0     0     0     0     0     0     0     0     0     0     0     0     0]
 [    1     0     0     0   246     0     0     0     0     0     0     0     0     0     0     0     0     0     0     0     0     0     0     0     0     0     0]
 [   90     0     0     0     0     0     0     0     0     0     0     0     0     0     0     0     0    27     0    73     0     0     0     0     0     0     0]
 [   39     0     0     0     0     0   111     0     0     0     0     0     0     0     0     0     0     0     0     0     0     0     0     0     0     0     0]
 [  105     0     0     0     0     0     0  1093     0     6     0     0     0     0     0     0     0     0     0     0    27     0     0     0     0     0     0]
 [    0     0     0     0     0     0     0     0   222     0     0     0     0     0     0     0     0     0     0     0     0     0     1     0     0     0     0]
 [  168     0     0     0     0     0     0     0     0  8289     0     0     0     0     0     0     0     0     0     0     0     0     0     0     0     0     0]
 [  203     0     0     0     0     0     0     0     0     0    65     0     0     0     0     0     0     0     0     0     0     0     0     0     0     0     0]
 [   73     0     0     0     0     0     0     0     0     0     0  1390     0     0     0     0     0     0     0     0     0     0     0     0     0     0     0]
 [   55     0     0     0     0     1     0     0     0     0     0     0     0     0     0     0     0    14     0    65     0     0     0     0     0     0     0]
 [   32     0     0     0     0     0     0     0     0     0     0     0     0     0     0     0     0    18     0    58     0     0     0     0     0     0     0]
 [  344     0     0     1     0     0     0     0     0     0     0     0     0     0     0     0     0    11     0    42     0     0     0     0     0     0     0]
 [    6     0     0     0     0     0     0     0     0     0     0     0     0     0     0    57     0     0     0     0     0     0     1     0     0     0     0]
 [   56     0     0    23     0     0     0     0     0     0     0     0     0     0     0     0   427     0     0     0     0     0     0     0     0     0     0]
 [  104     0     0     0     0     0     0     0     0     0     0     0     0     0     0     0     0   108     0   138     0     0     0     0     0     0     0]
 [  107     0     0     0     0     0     0     0     0     0     0     0     0     0     0     0     0    30     0    21     0     0     0     0     0     0     0]
 [  154     0     0     0     0     2     0     0     0     0     0     0     0     0     0     0     0    38     0   267     0     0     0     0     0     0     0]
 [   85     0     0     0     0     0     0     4     0     0     0     0     0     0     0     0     0     0     0     0  1147     0     0     0     0     0     0]
 [  181     0     0     0     0     0     0    10     0     0     0     0     0     0     0     0     0     0     0     0    43    35     0     0     0     0     0]
 [    2     0     0     0     0     0     0     0     1     0     0     0     0     0     0     0     0     0     0     0     0     0  2621     0     0     0     0]
 [   45     0     0     0     0     0     0     0     0     0     0     0     0     0     0     0     0     0     0     0     0     0     0     0     0     0     0]
 [   37     0     0     1     0     0     0     0     0     0     0     0     0     0     0     0     0     0     0     0     0     0     0     0     0     0     0]
 [   74     0     0     0     0     0     0     1     0     0     0     0     0     0     0     0     0     0     0     0     0     0     0     0     0     0     0]
 [   87     0     0     0     0     0     0     0     0     0     0     0     0     0     0     0     0     0     0     0     2     0     0     0     0     0   141]]

