Classifier: MLPClassifier
Params: {'activation': 'relu', 'alpha': 0.0001, 'batch_size': 'auto', 'beta_1': 0.9, 'beta_2': 0.999, 'early_stopping': False, 'epsilon': 1e-08, 'hidden_layer_sizes': (100,), 'learning_rate': 'constant', 'learning_rate_init': 0.001, 'max_iter': 200, 'momentum': 0.9, 'nesterovs_momentum': True, 'power_t': 0.5, 'random_state': None, 'shuffle': True, 'solver': 'adam', 'tol': 0.0001, 'validation_fraction': 0.1, 'verbose': False, 'warm_start': False}

Labels: None

Training accuracy: 0.9905199374511336
Training confusion matrix:
[[14676     0     0     5     0     0     0     0     0     0     0     0     0     0     0     0     3     0     0     0     0     0     0     0     1     0     0]
 [    0   234     0     0     0     0     0     0     0     0     0     0     0     0     0     0     0     0     0     0     0     0     0     0     0     0     0]
 [    0     0   294     0     0     0     0     0     0     0     0     0     0     0     0     0     0     0     0     0     0     0     0     0     0     0     0]
 [    0     0     0   192     0     0     0     0     0     0     0     0     0     0     0     0     0     0     0     0     0     0     0     0     0     0     0]
 [    0     0     0     0   204     0     0     0     0     0     0     0     0     0     0     0     0     0     0     0     0     0     0     0     0     0     0]
 [    0     0     0     0     0    74     0     0     0     0     0     0    10    10     6     0     0    11     7    34     0     0     0     0     0     0     0]
 [    0     0     0     0     0     0   115     0     0     0     0     0     0     0     0     0     0     0     0     0     0     0     0     0     0     0     0]
 [    0     0     0     0     0     0     0   999     0     0     0     0     0     0     0     0     0     0     0     0     0     0     0     0     0     0     0]
 [    0     0     0     0     0     0     0     0   179     0     0     0     0     0     0     0     0     0     0     0     0     0     0     0     0     0     0]
 [    0     0     0     0     0     0     0     0     0  6830     0     0     0     0     0     0     0     0     0     0     0     0     0     0     0     0     0]
 [    0     0     0     0     0     0     0     0     0     0   198     0     0     0     0     0     0     0     0     0     0     0     0     0     0     0     0]
 [    0     0     0     0     0     0     0     0     0     0     0  1181     0     0     0     0     0     0     0     0     0     0     0     0     0     0     0]
 [    0     0     0     0     0     0     0     0     0     0     0     0   108     0     1     0     0     1     0     0     0     0     0     0     0     0     0]
 [    0     0     0     0     0     0     0     0     0     0     0     0    10    69     2     0     0     3     0     2     0     0     0     0     0     0     0]
 [    0     0     0     0     0     0     0     0     0     0     0     0     1     1   313     0     0     0     0     4     0     0     0     0     0     0     0]
 [    0     0     0     0     0     0     0     0     0     0     0     0     0     0     0    57     0     0     0     0     0     0     0     0     0     0     0]
 [    4     0     0     0     0     0     0     0     0     0     0     0     0     0     0     0   405     0     0     0     0     0     0     0     0     0     0]
 [    0     0     0     0     0     2     0     0     0     0     0     0    16     8     1     0     0   256     0    10     0     0     0     0     0     0     0]
 [    0     0     0     0     0     0     0     0     0     0     0     0     1     2    17     0     0     1   102     6     0     0     0     0     0     0     0]
 [    0     0     0     0     0     2     0     0     0     0     0     0    33    10     5     0     0    58     1   266     0     0     0     0     0     0     0]
 [    0     0     0     0     0     0     0     1     0     0     0     0     0     0     0     0     0     0     0     0  1008     0     0     0     0     0     0]
 [    0     0     0     0     0     0     0     0     0     0     0     0     0     0     0     0     0     0     0     0     0   215     0     0     0     0     0]
 [    0     0     0     0     0     0     0     0     0     0     0     0     0     0     0     0     0     0     0     0     0     0  2114     0     0     0     0]
 [    1     0     0     0     0     0     0     0     0     0     0     0     0     0     0     0     0     0     0     0     0     0     0    37     0     0     0]
 [    0     0     0     0     0     0     0     0     0     0     0     0     0     0     0     0     0     0     0     0     0     0     0     0    28     0     0]
 [    0     0     0     0     0     0     0     0     0     0     0     0     0     0     0     0     0     0     0     0     0     0     0     0     0    62     0]
 [    0     0     0     0     0     0     0     0     0     0     0     0     0     0     0     0     0     0     0     0     0     0     0     0     0     0   189]]

Accuracy: 0.9817565806619755

Precision: [0.9937 0.9836 0.9565 0.9615 1.0000 0.8846 1.0000 0.9643 1.0000 1.0000 0.9857 1.0000 0.4898 0.6667 0.8352 1.0000 0.9706 0.6364 0.8333 0.7692 1.0000 1.0000 0.9981 0.8750 1.0000 1.0000 1.0000]
Mean: 0.918677628366221
Std: 0.13169239988101014

Recall: [0.9962 0.9375 1.0000 0.9615 0.9583 0.5750 1.0000 0.9878 0.9778 0.9983 0.9718 1.0000 0.9600 0.7273 0.9620 1.0000 0.9519 0.8305 0.3448 0.5495 0.9791 1.0000 1.0000 1.0000 0.9000 1.0000 0.9767]
Mean: 0.909113293983831
Std: 0.16305587281671768

F1 score: [0.9950 0.9600 0.9778 0.9615 0.9787 0.6970 1.0000 0.9759 0.9888 0.9991 0.9787 1.0000 0.6486 0.6957 0.8941 1.0000 0.9612 0.7206 0.4878 0.6410 0.9894 1.0000 0.9991 0.9333 0.9474 1.0000 0.9882]
Mean: 0.9044045194388419
Std: 0.14348015849357823

Cohen Kappa score: 0.9743517310253934
Confusion matrix:
[[3655    1    2    2    0    0    0    3    0    0    1    0    0    0    2    0    1    1    0    0    0    0    0    1    0    0    0]
 [   4   60    0    0    0    0    0    0    0    0    0    0    0    0    0    0    0    0    0    0    0    0    0    0    0    0    0]
 [   0    0   66    0    0    0    0    0    0    0    0    0    0    0    0    0    0    0    0    0    0    0    0    0    0    0    0]
 [   2    0    0   50    0    0    0    0    0    0    0    0    0    0    0    0    0    0    0    0    0    0    0    0    0    0    0]
 [   2    0    0    0   46    0    0    0    0    0    0    0    0    0    0    0    0    0    0    0    0    0    0    0    0    0    0]
 [   0    0    0    0    0   23    0    0    0    0    0    0    2    3    2    0    0    2    0    8    0    0    0    0    0    0    0]
 [   0    0    0    0    0    0   36    0    0    0    0    0    0    0    0    0    0    0    0    0    0    0    0    0    0    0    0]
 [   2    0    1    0    0    0    0  243    0    0    0    0    0    0    0    0    0    0    0    0    0    0    0    0    0    0    0]
 [   0    0    0    0    0    0    0    0   44    0    0    0    0    0    0    0    0    0    0    0    0    0    1    0    0    0    0]
 [   1    0    0    0    0    0    0    0    0 1719    0    0    0    0    0    0    2    0    0    0    0    0    0    0    0    0    0]
 [   2    0    0    0    0    0    0    0    0    0   69    0    0    0    0    0    0    0    0    0    0    0    0    0    0    0    0]
 [   0    0    0    0    0    0    0    0    0    0    0  296    0    0    0    0    0    0    0    0    0    0    0    0    0    0    0]
 [   0    0    0    0    0    0    0    0    0    0    0    0   24    0    0    0    0    0    0    1    0    0    0    0    0    0    0]
 [   0    0    0    0    0    1    0    0    0    0    0    0    2   16    1    0    0    1    0    1    0    0    0    0    0    0    0]
 [   2    0    0    0    0    0    0    1    0    0    0    0    0    0   76    0    0    0    0    0    0    0    0    0    0    0    0]
 [   0    0    0    0    0    0    0    0    0    0    0    0    0    0    0   11    0    0    0    0    0    0    0    0    0    0    0]
 [   5    0    0    0    0    0    0    0    0    0    0    0    0    0    0    0   99    0    0    0    0    0    0    0    0    0    0]
 [   0    0    0    0    0    0    0    0    0    0    0    0    6    2    0    0    0   49    0    2    0    0    0    0    0    0    0]
 [   0    0    0    0    0    0    0    0    0    0    0    0    1    0   10    0    0    5   10    3    0    0    0    0    0    0    0]
 [   1    0    0    0    0    2    0    0    0    0    0    0   14    3    0    0    0   19    2   50    0    0    0    0    0    0    0]
 [   1    0    0    0    0    0    0    4    0    0    0    0    0    0    0    0    0    0    0    0  234    0    0    0    0    0    0]
 [   0    0    0    0    0    0    0    0    0    0    0    0    0    0    0    0    0    0    0    0    0   55    0    0    0    0    0]
 [   0    0    0    0    0    0    0    0    0    0    0    0    0    0    0    0    0    0    0    0    0    0  532    0    0    0    0]
 [   0    0    0    0    0    0    0    0    0    0    0    0    0    0    0    0    0    0    0    0    0    0    0    7    0    0    0]
 [   1    0    0    0    0    0    0    0    0    0    0    0    0    0    0    0    0    0    0    0    0    0    0    0    9    0    0]
 [   0    0    0    0    0    0    0    0    0    0    0    0    0    0    0    0    0    0    0    0    0    0    0    0    0   13    0]
 [   0    0    0    0    0    0    0    1    0    0    0    0    0    0    0    0    0    0    0    0    0    0    0    0    0    0   42]]

