Classifier: GradientBoostingClassifier
Params: {'criterion': 'friedman_mse', 'init': None, 'learning_rate': 0.1, 'loss': 'deviance', 'max_depth': 3, 'max_features': None, 'max_leaf_nodes': None, 'min_impurity_decrease': 0.0, 'min_impurity_split': None, 'min_samples_leaf': 1, 'min_samples_split': 2, 'min_weight_fraction_leaf': 0.0, 'n_estimators': 100, 'presort': 'auto', 'random_state': None, 'subsample': 1.0, 'verbose': 0, 'warm_start': False}

Labels: None

Training accuracy: 0.9950482147511076
Training confusion matrix:
[[14702     0     1     5     0     0     0     1     0     0     0     0     0     0     0     0     2     0     0     0     0     0     0     0     0     0     0]
 [    0   238     0     0     0     0     0     0     0     0     0     0     0     0     0     0     0     0     0     0     0     0     0     0     0     0     0]
 [    0     0   298     0     0     0     0     0     0     0     0     0     0     0     0     0     0     0     0     0     0     0     0     0     0     0     0]
 [    0     0     0   200     0     0     0     0     0     0     0     0     0     0     0     0     0     0     0     0     0     0     0     0     0     0     0]
 [    0     0     0     0   206     0     0     0     0     0     0     0     0     0     0     0     0     0     0     0     0     0     0     0     0     0     0]
 [    0     0     0     0     0   143     0     0     0     0     0     0     0     2     1     0     0     1     0     9     0     0     0     0     0     0     0]
 [    0     0     0     0     0     0   119     0     0     0     0     0     0     0     0     0     0     0     0     0     0     0     0     0     0     0     0]
 [    0     0     0     0     0     0     0   997     0     0     0     0     0     0     0     0     0     0     0     0     1     0     0     0     0     0     0]
 [    0     0     0     0     0     0     0     0   180     0     0     0     0     0     0     0     0     0     0     0     0     0     0     0     0     0     0]
 [    1     0     0     0     0     0     0     0     0  6860     0     0     0     0     0     0     0     0     0     0     0     0     0     0     0     0     0]
 [    0     0     0     0     0     0     0     0     0     0   213     0     0     0     0     0     0     0     0     0     0     0     0     0     0     0     0]
 [    0     0     0     0     0     0     0     0     0     0     0  1165     0     0     0     0     0     0     0     0     0     0     0     0     0     0     0]
 [    0     0     0     0     0     1     0     0     0     0     0     0    95     0     0     0     0     2     0     9     0     0     0     0     0     0     0]
 [    0     0     0     0     0     1     0     0     0     0     0     0     0    87     0     0     0     1     0     1     0     0     0     0     0     0     0]
 [    0     0     0     0     0     2     0     0     0     0     0     0     0     1   305     0     0     1     3     2     0     0     0     0     0     0     0]
 [    0     0     0     0     0     0     0     0     0     0     0     0     0     0     0    44     0     0     0     0     0     0     0     0     0     0     0]
 [    2     0     0     0     0     0     0     0     0     0     0     0     0     0     0     0   407     0     0     0     0     0     0     0     0     0     0]
 [    0     0     0     0     0     2     0     0     0     0     0     0     4     3     0     0     0   258     0    19     0     0     0     0     0     0     0]
 [    0     0     0     0     0     2     0     0     0     0     0     0     0     1    12     0     0     1    95     5     0     0     0     0     0     0     0]
 [    0     0     0     0     0     7     0     0     0     0     0     0    14     6     2     0     0    22     0   323     0     0     0     0     0     0     0]
 [    1     0     0     0     0     0     0     0     0     0     0     0     0     0     0     0     0     0     0     0   977     0     0     0     0     0     0]
 [    0     0     0     0     0     0     0     0     0     0     0     0     0     0     0     0     0     0     0     0     0   213     0     0     0     0     0]
 [    0     0     0     0     0     0     0     0     0     0     0     0     0     0     0     0     0     0     0     0     0     0  2108     0     0     0     0]
 [    1     0     0     0     0     0     0     0     0     0     0     0     0     0     0     0     0     0     0     0     0     0     0    35     0     0     0]
 [    0     0     0     0     0     0     0     0     0     0     0     0     0     0     0     0     0     0     0     0     0     0     0     0    29     0     0]
 [    0     0     0     0     0     0     0     0     0     0     0     0     0     0     0     0     0     0     0     0     0     0     0     0     0    61     0]
 [    0     0     0     0     0     0     0     0     0     0     0     0     0     0     0     0     0     0     0     0     0     0     0     0     0     0   186]]

Accuracy: 0.9779775866562419

Precision: [0.9883 0.9492 0.9839 0.9333 0.9583 0.6047 1.0000 0.9959 1.0000 0.9970 0.9655 1.0000 0.7000 0.5185 0.9200 1.0000 0.9900 0.6769 0.8889 0.5938 0.9963 0.9821 1.0000 1.0000 1.0000 1.0000 0.9787]
Mean: 0.9118989815755918
Std: 0.1450394987082932

Recall: [0.9940 0.9333 0.9839 0.9545 1.0000 0.7222 1.0000 0.9838 1.0000 0.9982 1.0000 1.0000 0.5000 0.7778 0.8214 0.9583 0.9519 0.6667 0.5714 0.6196 0.9852 0.9649 0.9981 1.0000 0.8889 0.9286 1.0000]
Mean: 0.8963995122616992
Std: 0.14759496663466173

F1 score: [0.9911 0.9412 0.9839 0.9438 0.9787 0.6582 1.0000 0.9898 1.0000 0.9976 0.9825 1.0000 0.5833 0.6222 0.8679 0.9787 0.9706 0.6718 0.6957 0.6064 0.9907 0.9735 0.9991 1.0000 0.9412 0.9630 0.9892]
Mean: 0.9007411690784016
Std: 0.14334058976807235

Cohen Kappa score: 0.969197033143402
Confusion matrix:
[[3621    3    1    3    2    0    0    1    0    5    2    0    0    0    1    0    1    0    0    2    0    1    0    0    0    0    0]
 [   4   56    0    0    0    0    0    0    0    0    0    0    0    0    0    0    0    0    0    0    0    0    0    0    0    0    0]
 [   1    0   61    0    0    0    0    0    0    0    0    0    0    0    0    0    0    0    0    0    0    0    0    0    0    0    0]
 [   2    0    0   42    0    0    0    0    0    0    0    0    0    0    0    0    0    0    0    0    0    0    0    0    0    0    0]
 [   0    0    0    0   46    0    0    0    0    0    0    0    0    0    0    0    0    0    0    0    0    0    0    0    0    0    0]
 [   0    0    0    0    0   26    0    0    0    0    0    0    0    3    0    0    0    0    0    7    0    0    0    0    0    0    0]
 [   0    0    0    0    0    0   32    0    0    0    0    0    0    0    0    0    0    0    0    0    0    0    0    0    0    0    0]
 [   3    0    0    0    0    0    0  243    0    0    0    0    0    0    0    0    0    0    0    0    1    0    0    0    0    0    0]
 [   0    0    0    0    0    0    0    0   44    0    0    0    0    0    0    0    0    0    0    0    0    0    0    0    0    0    0]
 [   3    0    0    0    0    0    0    0    0 1688    0    0    0    0    0    0    0    0    0    0    0    0    0    0    0    0    0]
 [   0    0    0    0    0    0    0    0    0    0   56    0    0    0    0    0    0    0    0    0    0    0    0    0    0    0    0]
 [   0    0    0    0    0    0    0    0    0    0    0  312    0    0    0    0    0    0    0    0    0    0    0    0    0    0    0]
 [   0    0    0    0    0    3    0    0    0    0    0    0   14    3    0    0    0    3    0    5    0    0    0    0    0    0    0]
 [   0    0    0    0    0    2    0    0    0    0    0    0    0   14    0    0    0    2    0    0    0    0    0    0    0    0    0]
 [   9    0    0    0    0    0    0    0    0    0    0    0    0    1   69    0    0    1    2    2    0    0    0    0    0    0    0]
 [   1    0    0    0    0    0    0    0    0    0    0    0    0    0    0   23    0    0    0    0    0    0    0    0    0    0    0]
 [   5    0    0    0    0    0    0    0    0    0    0    0    0    0    0    0   99    0    0    0    0    0    0    0    0    0    0]
 [   0    0    0    0    0    2    0    0    0    0    0    0    1    0    0    0    0   44    1   18    0    0    0    0    0    0    0]
 [   3    0    0    0    0    3    0    0    0    0    0    0    0    1    4    0    0    2   24    5    0    0    0    0    0    0    0]
 [   4    0    0    0    0    7    0    0    0    0    0    0    5    5    1    0    0   13    0   57    0    0    0    0    0    0    0]
 [   3    0    0    0    0    0    0    0    0    0    0    0    0    0    0    0    0    0    0    0  266    0    0    0    0    0    1]
 [   2    0    0    0    0    0    0    0    0    0    0    0    0    0    0    0    0    0    0    0    0   55    0    0    0    0    0]
 [   1    0    0    0    0    0    0    0    0    0    0    0    0    0    0    0    0    0    0    0    0    0  537    0    0    0    0]
 [   0    0    0    0    0    0    0    0    0    0    0    0    0    0    0    0    0    0    0    0    0    0    0    9    0    0    0]
 [   1    0    0    0    0    0    0    0    0    0    0    0    0    0    0    0    0    0    0    0    0    0    0    0    8    0    0]
 [   1    0    0    0    0    0    0    0    0    0    0    0    0    0    0    0    0    0    0    0    0    0    0    0    0   13    0]
 [   0    0    0    0    0    0    0    0    0    0    0    0    0    0    0    0    0    0    0    0    0    0    0    0    0    0   46]]

