Classifier: GradientBoostingClassifier
Params: {'criterion': 'friedman_mse', 'init': None, 'learning_rate': 0.1, 'loss': 'deviance', 'max_depth': 3, 'max_features': None, 'max_leaf_nodes': None, 'min_impurity_decrease': 0.0, 'min_impurity_split': None, 'min_samples_leaf': 1, 'min_samples_split': 2, 'min_weight_fraction_leaf': 0.0, 'n_estimators': 100, 'presort': 'auto', 'random_state': None, 'subsample': 1.0, 'verbose': 0, 'warm_start': False}

Labels: None

Training accuracy: 0.9988974439074588
Training confusion matrix:
[[67171     0     0     0     0     0     0     0     0     3     0     0     0     0     0     0    30     0     0     0     0     0     1     0     0     0     0]
 [    0   792     0     0     0     0     0     0     0     0     0     0     0     0     0     0     0     0     0     0     0     0     0     0     0     0     0]
 [    0     0   473     0     0     0     0     0     0     0     0     0     0     0     0     0     0     0     0     0     0     0     0     0     0     0     0]
 [    1     0     0  1930     0     0     0     0     0     0     0     0     0     0     0     0     0     0     0     0     0     0     0     0     0     0     0]
 [    0     0     0     0   101     0     0     0     0     0     0     0     0     0     0     0     0     0     0     0     0     0     0     0     0     0     0]
 [    0     0     0     0     0   245     0     0     0     0     0     0     0     0     0     0     0     0     0     3     0     0     0     0     0     0     0]
 [    0     0     0     0     0     0    57     0     0     0     0     0     0     0     0     0     0     0     0     0     0     0     0     0     0     0     0]
 [    0     0     0     0     0     0     0   596     0     0     0     0     0     0     0     0     0     0     0     0     0     0     0     0     0     0     0]
 [    0     0     0     0     0     0     0     0   180     0     0     0     0     0     0     0     0     0     0     0     0     0     0     0     0     0     0]
 [    4     0     0     0     0     0     0     0     0 24645     0     0     0     0     0     0     0     0     0     0     0     0     0     0     0     0     0]
 [    0     0     0     0     0     0     0     0     0     0  1860     0     0     0     0     0     0     0     0     0     0     0     0     0     0     0     0]
 [    0     0     0     0     0     0     0     0     0     1     0   788     0     0     0     0     0     0     0     0     0     0     0     0     0     0     0]
 [    0     0     0     0     0     0     0     0     0     0     0     0    97     0     0     0     0     1     0    10     0     0     0     0     0     0     0]
 [    0     0     0     0     0     0     0     0     0     0     0     0     0   194     0     0     0     0     1     0     0     0     0     0     0     0     0]
 [    3     0     0     0     0     2     0     0     0     0     0     0     0     0  1358     0     0     1     1     1     0     0     0     0     0     0     0]
 [    0     0     0     0     0     0     0     0     0     0     0     0     0     0     0    59     0     0     0     0     0     0     0     0     0     0     0]
 [    0     0     0     0     0     0     0     0     0     0     0     0     0     0     0     0  1206     0     0     0     0     0     0     0     0     0     0]
 [    0     0     0     0     0     0     0     0     0     0     0     0     0     1     0     0     0   571     2    19     0     0     0     0     0     0     0]
 [    0     0     0     0     0     0     0     0     0     0     0     0     0     0     4     0     0     0   369     2     0     0     0     0     0     0     0]
 [    2     0     0     0     0     6     0     0     0     0     0     0     0     6     1     0     0    14     0   540     0     0     0     0     0     0     0]
 [    0     0     0     0     0     0     0     0     0     0     0     0     0     0     0     0     0     0     0     0  2550     0     0     0     0     0     0]
 [    0     0     0     0     0     0     0     0     0     0     0     0     0     0     0     0     0     0     0     0     0   471     0     0     0     0     0]
 [    0     0     0     0     0     0     0     0     0     0     0     0     0     0     0     0     0     0     0     0     0     0  1641     0     0     0     0]
 [    0     0     0     0     0     0     0     0     0     0     0     0     0     0     0     0     0     0     0     0     0     0     0   247     0     0     0]
 [    0     0     0     0     0     0     0     0     0     0     0     0     0     0     0     0     0     0     0     0     0     0     0     0   300     0     0]
 [    0     0     0     0     0     0     0     0     0     0     0     0     0     0     0     0     0     0     0     0     0     0     0     0     0    63     0]
 [    0     0     0     0     0     0     0     0     0     0     0     0     0     0     0     0     0     0     0     0     0     0     0     0     0     0   214]]

Accuracy: 0.997243635094038

Precision: [0.9992 0.9976 0.9971 1.0000 1.0000 0.9667 1.0000 0.9922 1.0000 0.9997 0.9955 0.9936 0.8396 0.9267 0.9839 1.0000 0.9835 0.9255 0.9726 0.8922 1.0000 0.9971 1.0000 0.9912 0.9866 1.0000 0.9953]
Mean: 0.979101635886839
Std: 0.03813931222020639

Recall: [0.9990 1.0000 0.9912 0.9968 0.9859 0.9422 1.0000 0.9844 1.0000 0.9998 0.9989 0.9972 0.7542 0.9513 0.9919 0.9750 0.9978 0.9255 0.9489 0.8937 0.9991 1.0000 0.9993 0.9956 1.0000 0.9661 0.9860]
Mean: 0.9733355887928582
Std: 0.050541894610740976

F1 score: [0.9991 0.9988 0.9941 0.9984 0.9929 0.9543 1.0000 0.9883 1.0000 0.9998 0.9972 0.9954 0.7946 0.9389 0.9879 0.9873 0.9906 0.9255 0.9606 0.8929 0.9996 0.9985 0.9997 0.9933 0.9933 0.9828 0.9906]
Mean: 0.9760916895101189
Std: 0.043990736546210836

Cohen Kappa score: 0.9954617719969311
Confusion matrix:
[[59913     2     1     0     0     0     0     1     0     6     8     7     0     0     3     0    23     0     0     1     0     1     0     2     3     0     0]
 [    0   844     0     0     0     0     0     0     0     0     0     0     0     0     0     0     0     0     0     0     0     0     0     0     0     0     0]
 [    2     0   339     0     0     0     0     0     0     0     0     0     0     0     0     0     0     0     0     0     0     0     0     0     0     0     1]
 [    6     0     0  1898     0     0     0     0     0     0     0     0     0     0     0     0     0     0     0     0     0     0     0     0     0     0     0]
 [    1     0     0     0    70     0     0     0     0     0     0     0     0     0     0     0     0     0     0     0     0     0     0     0     0     0     0]
 [    0     0     0     0     0   261     0     0     0     0     0     0     4     5     0     0     0     2     1     4     0     0     0     0     0     0     0]
 [    0     0     0     0     0     0    82     0     0     0     0     0     0     0     0     0     0     0     0     0     0     0     0     0     0     0     0]
 [    8     0     0     0     0     0     0   506     0     0     0     0     0     0     0     0     0     0     0     0     0     0     0     0     0     0     0]
 [    0     0     0     0     0     0     0     0   184     0     0     0     0     0     0     0     0     0     0     0     0     0     0     0     0     0     0]
 [    7     0     0     0     0     0     0     0     0 32140     0     0     0     0     0     0     0     0     0     0     0     0     0     0     0     0     0]
 [    2     0     0     0     0     0     0     0     0     0  1772     0     0     0     0     0     0     0     0     0     0     0     0     0     0     0     0]
 [    0     0     0     0     0     0     0     0     0     3     0  1080     0     0     0     0     0     0     0     0     0     0     0     0     0     0     0]
 [    0     0     0     0     0     3     0     0     0     0     0     0    89     0     0     0     0     3     0    23     0     0     0     0     0     0     0]
 [    0     0     0     0     0     1     0     0     0     0     0     0     2   215     1     0     0     3     1     3     0     0     0     0     0     0     0]
 [    2     0     0     0     0     1     0     0     0     0     0     0     1     1  1347     0     0     0     4     2     0     0     0     0     0     0     0]
 [    1     0     0     0     0     0     0     0     0     0     0     0     0     0     0    39     0     0     0     0     0     0     0     0     0     0     0]
 [    2     0     0     0     0     0     0     0     0     0     0     0     0     0     0     0  1372     0     0     0     0     0     0     0     1     0     0]
 [    0     0     0     0     0     0     0     0     0     0     0     0     5     3     0     0     0   547     4    32     0     0     0     0     0     0     0]
 [    2     0     0     0     0     3     0     0     0     0     0     0     0     0    13     0     0     0   390     3     0     0     0     0     0     0     0]
 [   11     0     0     0     0     1     0     0     0     0     0     0     5     8     5     0     0    36     1   563     0     0     0     0     0     0     0]
 [    1     0     0     0     0     0     0     1     0     0     0     0     0     0     0     0     0     0     0     0  2257     0     0     0     0     0     0]
 [    0     0     0     0     0     0     0     0     0     0     0     0     0     0     0     0     0     0     0     0     0   341     0     0     0     0     0]
 [    1     0     0     0     0     0     0     0     0     0     0     0     0     0     0     0     0     0     0     0     0     0  1503     0     0     0     0]
 [    1     0     0     0     0     0     0     0     0     0     0     0     0     0     0     0     0     0     0     0     0     0     0   224     0     0     0]
 [    0     0     0     0     0     0     0     0     0     0     0     0     0     0     0     0     0     0     0     0     0     0     0     0   295     0     0]
 [    2     0     0     0     0     0     0     0     0     0     0     0     0     0     0     0     0     0     0     0     0     0     0     0     0    57     0]
 [    1     0     0     0     0     0     0     2     0     0     0     0     0     0     0     0     0     0     0     0     0     0     0     0     0     0   211]]

