Classifier: LinearSVC
Params: {'C': 1.0, 'class_weight': None, 'dual': True, 'fit_intercept': True, 'intercept_scaling': 1, 'loss': 'squared_hinge', 'max_iter': 1000, 'multi_class': 'ovr', 'penalty': 'l2', 'random_state': None, 'tol': 0.0001, 'verbose': 0}

Labels: None

Training accuracy: 0.9986769326889505
Training confusion matrix:
[[67172     0     1     1     0     0     0     0     0     0     0     0     0     0     0     0    31     0     0     0     0     0     0     0     0     0     0]
 [    0   792     0     0     0     0     0     0     0     0     0     0     0     0     0     0     0     0     0     0     0     0     0     0     0     0     0]
 [    1     0   472     0     0     0     0     0     0     0     0     0     0     0     0     0     0     0     0     0     0     0     0     0     0     0     0]
 [    1     0     0  1930     0     0     0     0     0     0     0     0     0     0     0     0     0     0     0     0     0     0     0     0     0     0     0]
 [    0     0     0     0   101     0     0     0     0     0     0     0     0     0     0     0     0     0     0     0     0     0     0     0     0     0     0]
 [    0     0     0     0     0   231     0     0     0     0     0     0     0     2     1     0     0     0     0    14     0     0     0     0     0     0     0]
 [    0     0     0     0     0     0    57     0     0     0     0     0     0     0     0     0     0     0     0     0     0     0     0     0     0     0     0]
 [    0     0     0     0     0     0     0   596     0     0     0     0     0     0     0     0     0     0     0     0     0     0     0     0     0     0     0]
 [    0     0     0     0     0     0     0     0   180     0     0     0     0     0     0     0     0     0     0     0     0     0     0     0     0     0     0]
 [    0     0     0     0     0     0     0     0     0 24649     0     0     0     0     0     0     0     0     0     0     0     0     0     0     0     0     0]
 [    0     0     0     0     0     0     0     0     0     0  1860     0     0     0     0     0     0     0     0     0     0     0     0     0     0     0     0]
 [    0     0     0     0     0     0     0     0     0     0     0   789     0     0     0     0     0     0     0     0     0     0     0     0     0     0     0]
 [    0     0     0     0     0     0     0     0     0     0     0     0    92     1     0     0     0     2     0    13     0     0     0     0     0     0     0]
 [    0     0     0     0     0     1     0     0     0     0     0     0     2   191     0     0     0     0     1     0     0     0     0     0     0     0     0]
 [    0     0     0     0     0     0     0     0     0     0     0     0     0     0  1363     0     0     1     1     1     0     0     0     0     0     0     0]
 [    0     0     0     0     0     0     0     0     0     0     0     0     0     0     0    59     0     0     0     0     0     0     0     0     0     0     0]
 [    1     0     0     0     0     0     0     0     0     0     0     0     0     0     0     0  1205     0     0     0     0     0     0     0     0     0     0]
 [    0     0     0     0     0     1     0     0     0     0     0     0     4     1     0     0     0   565     2    20     0     0     0     0     0     0     0]
 [    0     0     0     0     0     0     0     0     0     0     0     0     0     0     4     0     0     1   368     2     0     0     0     0     0     0     0]
 [    0     0     0     0     0     4     0     0     0     0     0     0     0     7     1     0     0    21     0   536     0     0     0     0     0     0     0]
 [    0     0     0     0     0     0     0     0     0     0     0     0     0     0     0     0     0     0     0     0  2550     0     0     0     0     0     0]
 [    0     0     0     0     0     0     0     0     0     0     0     0     0     0     0     0     0     0     0     0     0   471     0     0     0     0     0]
 [    0     0     0     0     0     0     0     0     0     0     0     0     0     0     0     0     0     0     0     0     0     0  1641     0     0     0     0]
 [    0     0     0     0     0     0     0     0     0     0     0     0     0     0     0     0     0     0     0     0     0     0     0   247     0     0     0]
 [    0     0     0     0     0     0     0     0     0     0     0     0     0     0     0     0     0     0     0     0     0     0     0     0   300     0     0]
 [    0     0     0     0     0     0     0     0     0     0     0     0     0     0     0     0     0     0     0     0     0     0     0     0     0    63     0]
 [    0     0     0     0     0     0     0     0     0     0     0     0     0     0     0     0     0     0     0     0     0     0     0     0     0     0   214]]

Accuracy: 0.997317138158197

Precision: [0.9994 0.9976 0.9971 0.9984 1.0000 0.9656 1.0000 0.9941 1.0000 0.9999 0.9994 0.9982 0.7788 0.9076 0.9840 1.0000 0.9807 0.9325 0.9749 0.8721 0.9982 1.0000 0.9993 1.0000 0.9966 0.9831 1.0000]
Mean: 0.9762085526556527
Std: 0.04940830856315232

Recall: [0.9993 0.9988 0.9942 0.9974 0.9718 0.9134 1.0000 0.9825 1.0000 0.9998 0.9989 0.9982 0.7458 0.9558 0.9941 0.9750 0.9985 0.9120 0.9465 0.8984 0.9987 1.0000 1.0000 0.9956 0.9966 0.9831 1.0000]
Mean: 0.972373390408116
Std: 0.05324680059037761

F1 score: [0.9993 0.9982 0.9956 0.9979 0.9857 0.9388 1.0000 0.9883 1.0000 0.9999 0.9992 0.9982 0.7619 0.9310 0.9890 0.9873 0.9895 0.9222 0.9605 0.8851 0.9985 1.0000 0.9997 0.9978 0.9966 0.9831 1.0000]
Mean: 0.9741896405349816
Std: 0.05059179993033872

Cohen Kappa score: 0.9955829764752534
Confusion matrix:
[[59927     2     1     1     0     0     0     2     0     2     1     2     1     0     1     0    27     0     0     1     1     0     1     0     0     1     0]
 [    1   843     0     0     0     0     0     0     0     0     0     0     0     0     0     0     0     0     0     0     0     0     0     0     0     0     0]
 [    2     0   340     0     0     0     0     0     0     0     0     0     0     0     0     0     0     0     0     0     0     0     0     0     0     0     0]
 [    5     0     0  1899     0     0     0     0     0     0     0     0     0     0     0     0     0     0     0     0     0     0     0     0     0     0     0]
 [    2     0     0     0    69     0     0     0     0     0     0     0     0     0     0     0     0     0     0     0     0     0     0     0     0     0     0]
 [    0     0     0     0     0   253     0     0     0     0     0     0     4     7     2     0     0     1     1     9     0     0     0     0     0     0     0]
 [    0     0     0     0     0     0    82     0     0     0     0     0     0     0     0     0     0     0     0     0     0     0     0     0     0     0     0]
 [    6     0     0     0     0     0     0   505     0     0     0     0     0     0     0     0     0     0     0     0     3     0     0     0     0     0     0]
 [    0     0     0     0     0     0     0     0   184     0     0     0     0     0     0     0     0     0     0     0     0     0     0     0     0     0     0]
 [    5     0     0     0     0     0     0     0     0 32141     0     0     0     0     0     0     0     0     0     1     0     0     0     0     0     0     0]
 [    2     0     0     0     0     0     0     0     0     0  1772     0     0     0     0     0     0     0     0     0     0     0     0     0     0     0     0]
 [    0     0     0     2     0     0     0     0     0     0     0  1081     0     0     0     0     0     0     0     0     0     0     0     0     0     0     0]
 [    0     0     0     0     0     0     0     0     0     0     0     0    88     0     0     0     0     0     0    30     0     0     0     0     0     0     0]
 [    1     0     0     0     0     1     0     0     0     0     0     0     3   216     1     0     0     2     1     1     0     0     0     0     0     0     0]
 [    0     0     0     0     0     0     0     0     0     0     0     0     1     0  1350     0     0     1     4     2     0     0     0     0     0     0     0]
 [    1     0     0     0     0     0     0     0     0     0     0     0     0     0     0    39     0     0     0     0     0     0     0     0     0     0     0]
 [    1     0     0     0     0     0     0     0     0     0     0     0     0     0     0     0  1373     0     0     0     0     0     0     0     1     0     0]
 [    0     0     0     0     0     1     0     0     0     0     0     0    10     3     0     0     0   539     3    35     0     0     0     0     0     0     0]
 [    0     0     0     0     0     4     0     0     0     0     0     0     0     0    13     0     0     1   389     4     0     0     0     0     0     0     0]
 [    3     0     0     0     0     3     0     0     0     0     0     0     6    12     5     0     0    34     1   566     0     0     0     0     0     0     0]
 [    2     0     0     0     0     0     0     1     0     0     0     0     0     0     0     0     0     0     0     0  2256     0     0     0     0     0     0]
 [    0     0     0     0     0     0     0     0     0     0     0     0     0     0     0     0     0     0     0     0     0   341     0     0     0     0     0]
 [    0     0     0     0     0     0     0     0     0     0     0     0     0     0     0     0     0     0     0     0     0     0  1504     0     0     0     0]
 [    1     0     0     0     0     0     0     0     0     0     0     0     0     0     0     0     0     0     0     0     0     0     0   224     0     0     0]
 [    1     0     0     0     0     0     0     0     0     0     0     0     0     0     0     0     0     0     0     0     0     0     0     0   294     0     0]
 [    1     0     0     0     0     0     0     0     0     0     0     0     0     0     0     0     0     0     0     0     0     0     0     0     0    58     0]
 [    0     0     0     0     0     0     0     0     0     0     0     0     0     0     0     0     0     0     0     0     0     0     0     0     0     0   214]]

