Classifier: MLPClassifier
Params: {'activation': 'relu', 'alpha': 0.0001, 'batch_size': 'auto', 'beta_1': 0.9, 'beta_2': 0.999, 'early_stopping': False, 'epsilon': 1e-08, 'hidden_layer_sizes': (100,), 'learning_rate': 'constant', 'learning_rate_init': 0.001, 'max_iter': 200, 'momentum': 0.9, 'nesterovs_momentum': True, 'power_t': 0.5, 'random_state': None, 'shuffle': True, 'solver': 'adam', 'tol': 0.0001, 'validation_fraction': 0.1, 'verbose': False, 'warm_start': False}

Labels: None

Training accuracy: 0.9905199374511336
Training confusion matrix:
[[14742     0     1     5     0     0     0     0     0     1     0     0     0     0     1     0     6     0     0     0     0     0     0     0     1     0     0]
 [    0   230     0     0     0     0     0     0     0     0     0     0     0     0     0     0     0     0     0     0     0     0     0     0     0     0     0]
 [    1     0   282     0     0     0     0     0     0     0     0     0     0     0     0     0     0     0     0     0     0     0     0     0     0     0     0]
 [    0     0     0   193     0     0     0     0     0     0     0     0     0     0     0     0     0     0     0     0     0     0     0     0     0     0     0]
 [    0     0     0     0   207     0     0     0     0     0     0     0     0     0     0     0     0     0     0     0     0     0     0     0     0     0     0]
 [    0     0     0     0     0   131     0     0     0     0     0     0     2     1     0     0     0    12     2     8     0     0     0     0     0     0     0]
 [    0     0     0     0     0     0   131     0     0     0     0     0     0     0     0     0     0     0     0     0     0     0     0     0     0     0     0]
 [    0     0     0     0     0     0     0   992     0     0     0     0     0     0     0     0     0     0     0     0     2     0     0     0     0     0     0]
 [    0     0     0     0     0     0     0     0   185     0     0     0     0     0     0     0     0     0     0     0     0     0     0     0     0     0     0]
 [    0     0     0     0     0     0     0     0     0  6799     0     0     0     0     0     0     0     0     0     0     0     0     0     0     0     0     0]
 [    0     0     0     0     0     0     0     0     0     0   215     0     0     0     0     0     0     0     0     0     0     0     0     0     0     0     0]
 [    0     0     0     0     0     0     0     0     0     0     0  1186     0     0     0     0     0     0     0     0     0     0     0     0     0     0     0]
 [    0     0     0     0     0     1     0     0     0     0     0     0    91     0     0     0     0    13     0     0     0     0     0     0     0     0     0]
 [    0     0     0     0     0     7     0     0     0     0     0     0     4    67     1     0     0    11     0     3     0     0     0     0     0     0     0]
 [    0     0     0     0     0     3     0     0     0     0     0     0     1     2   307     0     0     1     2     1     0     0     0     0     0     0     0]
 [    0     0     0     0     0     0     0     0     0     0     0     0     0     0     0    53     0     0     0     0     0     0     0     0     0     0     0]
 [    0     0     0     0     0     0     0     0     0     0     0     0     0     0     0     0   405     0     0     0     0     0     0     0     0     0     0]
 [    0     0     0     0     0     3     0     0     0     0     0     0     1     0     0     0     0   260     0     0     0     0     0     0     0     0     0]
 [    1     0     0     0     0     1     0     0     0     0     0     0     0     1    14     0     0     4    97     4     0     0     0     0     0     0     0]
 [    0     0     0     0     0    28     0     0     0     0     0     0    32     8     2     0     0    92     6   204     0     0     0     0     0     0     0]
 [    1     0     0     0     0     0     0     0     0     0     0     0     0     0     0     0     0     0     0     0  1007     0     0     0     0     0     0]
 [    0     0     0     0     0     0     0     0     0     0     0     0     0     0     0     0     0     0     0     0     0   221     0     0     0     0     0]
 [    0     0     0     0     0     0     0     0     0     0     0     0     0     0     0     0     0     0     0     0     0     0  2084     0     0     0     0]
 [    0     0     0     0     0     0     0     0     0     0     0     0     0     0     0     0     0     0     0     0     0     0     0    34     0     0     0]
 [    0     0     0     0     0     0     0     0     0     0     0     0     0     0     0     0     0     0     0     0     0     0     0     0    34     0     0]
 [    0     0     0     0     0     0     0     0     0     0     0     0     0     0     0     0     0     0     0     0     0     0     0     0     0    59     0]
 [    0     0     0     0     0     0     0     0     0     0     0     0     0     0     0     0     0     0     0     0     0     0     0     0     0     0   189]]

Accuracy: 0.9800625488663018

Precision: [0.9939 0.9429 1.0000 0.9273 1.0000 0.5800 1.0000 0.9920 1.0000 0.9977 1.0000 1.0000 0.5500 0.5714 0.8391 1.0000 0.9537 0.6838 0.8696 0.7959 0.9958 0.9796 0.9982 1.0000 1.0000 1.0000 1.0000]
Mean: 0.9137348248807613
Std: 0.1436887779070657

Recall: [0.9942 0.9706 0.9870 1.0000 0.9778 0.8056 1.0000 0.9880 1.0000 0.9994 0.9630 1.0000 0.7333 0.5333 0.9012 0.9333 0.9537 0.9091 0.5556 0.4149 0.9958 0.9796 0.9982 0.9091 1.0000 0.9375 0.9535]
Mean: 0.9034718564188002
Std: 0.15604544981232008

F1 score: [0.9940 0.9565 0.9935 0.9623 0.9888 0.6744 1.0000 0.9900 1.0000 0.9986 0.9811 1.0000 0.6286 0.5517 0.8690 0.9655 0.9537 0.7805 0.6780 0.5455 0.9958 0.9796 0.9982 0.9524 1.0000 0.9677 0.9762]
Mean: 0.9030227816666427
Std: 0.1463459459462085

Cohen Kappa score: 0.9722341894987563
Confusion matrix:
[[3576    4    0    3    0    0    0    0    0    4    0    0    0    0    2    0    5    0    0    0    1    1    1    0    0    0    0]
 [   2   66    0    0    0    0    0    0    0    0    0    0    0    0    0    0    0    0    0    0    0    0    0    0    0    0    0]
 [   1    0   76    0    0    0    0    0    0    0    0    0    0    0    0    0    0    0    0    0    0    0    0    0    0    0    0]
 [   0    0    0   51    0    0    0    0    0    0    0    0    0    0    0    0    0    0    0    0    0    0    0    0    0    0    0]
 [   1    0    0    0   44    0    0    0    0    0    0    0    0    0    0    0    0    0    0    0    0    0    0    0    0    0    0]
 [   0    0    0    0    0   29    0    0    0    0    0    0    1    1    1    0    0    2    0    2    0    0    0    0    0    0    0]
 [   0    0    0    0    0    0   20    0    0    0    0    0    0    0    0    0    0    0    0    0    0    0    0    0    0    0    0]
 [   3    0    0    0    0    0    0  248    0    0    0    0    0    0    0    0    0    0    0    0    0    0    0    0    0    0    0]
 [   0    0    0    0    0    0    0    0   39    0    0    0    0    0    0    0    0    0    0    0    0    0    0    0    0    0    0]
 [   1    0    0    0    0    0    0    0    0 1752    0    0    0    0    0    0    0    0    0    0    0    0    0    0    0    0    0]
 [   2    0    0    0    0    0    0    0    0    0   52    0    0    0    0    0    0    0    0    0    0    0    0    0    0    0    0]
 [   0    0    0    0    0    0    0    0    0    0    0  291    0    0    0    0    0    0    0    0    0    0    0    0    0    0    0]
 [   1    0    0    0    0    4    0    0    0    0    0    0   22    0    0    0    0    3    0    0    0    0    0    0    0    0    0]
 [   0    0    0    0    0    3    0    0    0    0    0    0    2    8    0    0    0    2    0    0    0    0    0    0    0    0    0]
 [   1    0    0    0    0    1    0    0    0    0    0    0    1    0   73    0    0    0    2    3    0    0    0    0    0    0    0]
 [   1    0    0    0    0    0    0    0    0    0    0    0    0    0    0   14    0    0    0    0    0    0    0    0    0    0    0]
 [   4    0    0    1    0    0    0    0    0    0    0    0    0    0    0    0  103    0    0    0    0    0    0    0    0    0    0]
 [   0    0    0    0    0    2    0    0    0    0    0    0    3    1    1    0    0   80    0    1    0    0    0    0    0    0    0]
 [   0    0    0    0    0    4    0    0    0    0    0    0    0    1    6    0    0    1   20    4    0    0    0    0    0    0    0]
 [   0    0    0    0    0    7    0    0    0    0    0    0   11    3    4    0    0   29    1   39    0    0    0    0    0    0    0]
 [   1    0    0    0    0    0    0    0    0    0    0    0    0    0    0    0    0    0    0    0  239    0    0    0    0    0    0]
 [   0    0    0    0    0    0    0    1    0    0    0    0    0    0    0    0    0    0    0    0    0   48    0    0    0    0    0]
 [   1    0    0    0    0    0    0    0    0    0    0    0    0    0    0    0    0    0    0    0    0    0  561    0    0    0    0]
 [   1    0    0    0    0    0    0    0    0    0    0    0    0    0    0    0    0    0    0    0    0    0    0   10    0    0    0]
 [   0    0    0    0    0    0    0    0    0    0    0    0    0    0    0    0    0    0    0    0    0    0    0    0    4    0    0]
 [   0    0    0    0    0    0    0    1    0    0    0    0    0    0    0    0    0    0    0    0    0    0    0    0    0   15    0]
 [   2    0    0    0    0    0    0    0    0    0    0    0    0    0    0    0    0    0    0    0    0    0    0    0    0    0   41]]

