Classifier: LinearSVC
Params: {'C': 1.0, 'class_weight': None, 'dual': True, 'fit_intercept': True, 'intercept_scaling': 1, 'loss': 'squared_hinge', 'max_iter': 1000, 'multi_class': 'ovr', 'penalty': 'l2', 'random_state': None, 'tol': 0.0001, 'verbose': 0}

Labels: None

Training accuracy: 1.0
Training confusion matrix:
[[96  0  0  0  0  0  0  0  0  0  0  0  0  0  0  0  0]
 [ 0  4  0  0  0  0  0  0  0  0  0  0  0  0  0  0  0]
 [ 0  0  2  0  0  0  0  0  0  0  0  0  0  0  0  0  0]
 [ 0  0  0  2  0  0  0  0  0  0  0  0  0  0  0  0  0]
 [ 0  0  0  0  1  0  0  0  0  0  0  0  0  0  0  0  0]
 [ 0  0  0  0  0  2  0  0  0  0  0  0  0  0  0  0  0]
 [ 0  0  0  0  0  0  8  0  0  0  0  0  0  0  0  0  0]
 [ 0  0  0  0  0  0  0 52  0  0  0  0  0  0  0  0  0]
 [ 0  0  0  0  0  0  0  0  5  0  0  0  0  0  0  0  0]
 [ 0  0  0  0  0  0  0  0  0  1  0  0  0  0  0  0  0]
 [ 0  0  0  0  0  0  0  0  0  0  1  0  0  0  0  0  0]
 [ 0  0  0  0  0  0  0  0  0  0  0  1  0  0  0  0  0]
 [ 0  0  0  0  0  0  0  0  0  0  0  0  2  0  0  0  0]
 [ 0  0  0  0  0  0  0  0  0  0  0  0  0  4  0  0  0]
 [ 0  0  0  0  0  0  0  0  0  0  0  0  0  0 16  0  0]
 [ 0  0  0  0  0  0  0  0  0  0  0  0  0  0  0  1  0]
 [ 0  0  0  0  0  0  0  0  0  0  0  0  0  0  0  0  2]]

Accuracy: 0.9

Precision: [1.0000 1.0000 1.0000 0.0000 1.0000 1.0000 0.0000 0.3333 0.0000 0.6000 0.0000]
Mean: 0.5393939393939394
Std: 0.4543433894300924

Recall: [0.9630 1.0000 1.0000 0.0000 1.0000 1.0000 0.0000 1.0000 0.0000 1.0000 0.0000]
Mean: 0.632996632996633
Std: 0.4786121562110213

F1 score: [0.9811 1.0000 1.0000 0.0000 1.0000 1.0000 0.0000 0.5000 0.0000 0.7500 0.0000]
Mean: 0.5664665523156089
Std: 0.4518036827995645

Cohen Kappa score: 0.8469075321494183
Confusion matrix:
[[26  0  0  0  0  0  0  0  0  0  1]
 [ 0  1  0  0  0  0  0  0  0  0  0]
 [ 0  0  1  0  0  0  0  0  0  0  0]
 [ 0  0  0  0  0  0  0  0  0  1  0]
 [ 0  0  0  0 12  0  0  0  0  0  0]
 [ 0  0  0  0  0  1  0  0  0  0  0]
 [ 0  0  0  0  0  0  0  0  0  1  0]
 [ 0  0  0  0  0  0  0  1  0  0  0]
 [ 0  0  0  0  0  0  0  2  0  0  0]
 [ 0  0  0  0  0  0  0  0  0  3  0]
 [ 0  0  0  0  0  0  0  0  0  0  0]]

