Classifier: LogisticRegression
Params: {'C': 1.0, 'class_weight': None, 'dual': False, 'fit_intercept': True, 'intercept_scaling': 1, 'max_iter': 100, 'multi_class': 'ovr', 'n_jobs': 1, 'penalty': 'l2', 'random_state': None, 'solver': 'liblinear', 'tol': 0.0001, 'verbose': 0, 'warm_start': False}

Labels: None

Training accuracy: 0.99
Training confusion matrix:
[[96  0  0  0  0  0  0  0  0  0  0  0  0  0  0  0  0]
 [ 0  4  0  0  0  0  0  0  0  0  0  0  0  0  0  0  0]
 [ 0  0  2  0  0  0  0  0  0  0  0  0  0  0  0  0  0]
 [ 0  0  0  2  0  0  0  0  0  0  0  0  0  0  0  0  0]
 [ 0  0  0  0  1  0  0  0  0  0  0  0  0  0  0  0  0]
 [ 0  0  0  0  0  2  0  0  0  0  0  0  0  0  0  0  0]
 [ 0  0  0  0  0  0  8  0  0  0  0  0  0  0  0  0  0]
 [ 2  0  0  0  0  0  0 50  0  0  0  0  0  0  0  0  0]
 [ 0  0  0  0  0  0  0  0  5  0  0  0  0  0  0  0  0]
 [ 0  0  0  0  0  0  0  0  0  1  0  0  0  0  0  0  0]
 [ 0  0  0  0  0  0  0  0  0  0  1  0  0  0  0  0  0]
 [ 0  0  0  0  0  0  0  0  0  0  0  1  0  0  0  0  0]
 [ 0  0  0  0  0  0  0  0  0  0  0  0  2  0  0  0  0]
 [ 0  0  0  0  0  0  0  0  0  0  0  0  0  4  0  0  0]
 [ 0  0  0  0  0  0  0  0  0  0  0  0  0  0 16  0  0]
 [ 0  0  0  0  0  0  0  0  0  0  0  0  0  0  0  1  0]
 [ 0  0  0  0  0  0  0  0  0  0  0  0  0  0  0  0  2]]

Accuracy: 0.88

Precision: [0.9000 1.0000 1.0000 0.0000 1.0000 0.0000 0.0000 0.3333 0.0000 0.7500]
Mean: 0.49833333333333335
Std: 0.44724154547626727

Recall: [1.0000 1.0000 1.0000 0.0000 0.9167 0.0000 0.0000 1.0000 0.0000 1.0000]
Mean: 0.5916666666666666
Std: 0.4836923953643817

F1 score: [0.9474 1.0000 1.0000 0.0000 0.9565 0.0000 0.0000 0.5000 0.0000 0.8571]
Mean: 0.5261033017325923
Std: 0.4504761702075413

Cohen Kappa score: 0.8053212199870214
Confusion matrix:
[[27  0  0  0  0  0  0  0  0  0]
 [ 0  1  0  0  0  0  0  0  0  0]
 [ 0  0  1  0  0  0  0  0  0  0]
 [ 1  0  0  0  0  0  0  0  0  0]
 [ 1  0  0  0 11  0  0  0  0  0]
 [ 1  0  0  0  0  0  0  0  0  0]
 [ 0  0  0  0  0  0  0  0  0  1]
 [ 0  0  0  0  0  0  0  1  0  0]
 [ 0  0  0  0  0  0  0  2  0  0]
 [ 0  0  0  0  0  0  0  0  0  3]]

