Classifier: MLPClassifier
Params: {'activation': 'relu', 'alpha': 0.0001, 'batch_size': 'auto', 'beta_1': 0.9, 'beta_2': 0.999, 'early_stopping': False, 'epsilon': 1e-08, 'hidden_layer_sizes': (100,), 'learning_rate': 'constant', 'learning_rate_init': 0.001, 'max_iter': 200, 'momentum': 0.9, 'nesterovs_momentum': True, 'power_t': 0.5, 'random_state': None, 'shuffle': True, 'solver': 'adam', 'tol': 0.0001, 'validation_fraction': 0.1, 'verbose': False, 'warm_start': False}

Labels: None

Training accuracy: 0.99
Training confusion matrix:
[[96  0  0  0  0  0  0  0  0  0  0  0  0  0  0  0  0]
 [ 0  4  0  0  0  0  0  0  0  0  0  0  0  0  0  0  0]
 [ 0  0  2  0  0  0  0  0  0  0  0  0  0  0  0  0  0]
 [ 0  0  0  2  0  0  0  0  0  0  0  0  0  0  0  0  0]
 [ 0  0  0  0  1  0  0  0  0  0  0  0  0  0  0  0  0]
 [ 0  0  0  0  0  2  0  0  0  0  0  0  0  0  0  0  0]
 [ 0  0  0  0  0  0  8  0  0  0  0  0  0  0  0  0  0]
 [ 2  0  0  0  0  0  0 50  0  0  0  0  0  0  0  0  0]
 [ 0  0  0  0  0  0  0  0  5  0  0  0  0  0  0  0  0]
 [ 0  0  0  0  0  0  0  0  0  1  0  0  0  0  0  0  0]
 [ 0  0  0  0  0  0  0  0  0  0  1  0  0  0  0  0  0]
 [ 0  0  0  0  0  0  0  0  0  0  0  1  0  0  0  0  0]
 [ 0  0  0  0  0  0  0  0  0  0  0  0  2  0  0  0  0]
 [ 0  0  0  0  0  0  0  0  0  0  0  0  0  4  0  0  0]
 [ 0  0  0  0  0  0  0  0  0  0  0  0  0  0 16  0  0]
 [ 0  0  0  0  0  0  0  0  0  0  0  0  0  0  0  1  0]
 [ 0  0  0  0  0  0  0  0  0  0  0  0  0  0  0  0  2]]

Accuracy: 0.88

Precision: [0.8710 0.0000 1.0000 1.0000 0.0000 1.0000 0.0000 0.0000 0.5000 0.0000 1.0000]
Mean: 0.48826979472140764
Std: 0.46574510105090106

Recall: [1.0000 0.0000 1.0000 1.0000 0.0000 0.9167 0.0000 0.0000 1.0000 0.0000 1.0000]
Mean: 0.5378787878787878
Std: 0.49154933931843436

F1 score: [0.9310 0.0000 1.0000 1.0000 0.0000 0.9565 0.0000 0.0000 0.6667 0.0000 1.0000]
Mean: 0.5049293535050657
Std: 0.469207583215641

Cohen Kappa score: 0.8023715415019763
Confusion matrix:
[[27  0  0  0  0  0  0  0  0  0  0]
 [ 0  0  0  0  0  0  0  0  0  0  0]
 [ 0  0  1  0  0  0  0  0  0  0  0]
 [ 0  0  0  1  0  0  0  0  0  0  0]
 [ 1  0  0  0  0  0  0  0  0  0  0]
 [ 1  0  0  0  0 11  0  0  0  0  0]
 [ 1  0  0  0  0  0  0  0  0  0  0]
 [ 1  0  0  0  0  0  0  0  0  0  0]
 [ 0  0  0  0  0  0  0  0  1  0  0]
 [ 0  1  0  0  0  0  0  0  1  0  0]
 [ 0  0  0  0  0  0  0  0  0  0  3]]

