Classifier: MultinomialNB
Params: {'alpha': 1.0, 'class_prior': None, 'fit_prior': True}

Labels: None

Training accuracy: 0.92
Training confusion matrix:
[[94  0  0  0  0  0  2  0  0  0  0  0  0  0  0  0  0]
 [ 0  2  0  0  0  0  1  0  0  0  0  0  0  0  1  0  0]
 [ 0  0  2  0  0  0  0  0  0  0  0  0  0  0  0  0  0]
 [ 0  0  0  1  0  0  1  0  0  0  0  0  0  0  0  0  0]
 [ 0  0  0  0  0  0  0  0  0  1  0  0  0  0  0  0  0]
 [ 0  0  0  0  0  0  0  0  0  0  0  0  0  0  2  0  0]
 [ 0  0  0  0  0  0  8  0  0  0  0  0  0  0  0  0  0]
 [ 2  0  0  0  0  0  0 49  0  0  0  0  0  0  1  0  0]
 [ 0  0  0  0  0  0  0  1  4  0  0  0  0  0  0  0  0]
 [ 0  0  0  0  0  0  0  0  0  1  0  0  0  0  0  0  0]
 [ 0  0  0  0  0  0  0  0  0  0  0  0  0  0  1  0  0]
 [ 0  0  0  0  0  0  0  0  0  0  0  1  0  0  0  0  0]
 [ 0  0  0  0  0  0  0  0  0  0  0  0  2  0  0  0  0]
 [ 0  0  0  0  0  0  0  0  0  0  0  0  0  2  2  0  0]
 [ 0  0  0  0  0  0  0  0  0  0  0  0  0  0 16  0  0]
 [ 0  0  0  0  0  0  0  0  0  0  0  0  0  0  0  1  0]
 [ 0  0  0  0  0  0  0  0  0  0  0  0  0  0  1  0  1]]

Accuracy: 0.8

Precision: [0.9615 0.0000 0.2500 0.0000 0.9167 0.0000 0.0000 0.0000 0.0000 0.0000 0.4286]
Mean: 0.23243423243423242
Std: 0.3588776777808442

Recall: [0.9259 0.0000 1.0000 0.0000 0.9167 0.0000 0.0000 0.0000 0.0000 0.0000 1.0000]
Mean: 0.3493265993265993
Std: 0.4627287439361119

F1 score: [0.9434 0.0000 0.4000 0.0000 0.9167 0.0000 0.0000 0.0000 0.0000 0.0000 0.6000]
Mean: 0.26000571755288737
Std: 0.37009108375566974

Cohen Kappa score: 0.6930632289748313
Confusion matrix:
[[25  0  1  0  1  0  0  0  0  0  0]
 [ 0  0  0  0  0  0  0  0  0  0  1]
 [ 0  0  1  0  0  0  0  0  0  0  0]
 [ 0  0  0  0  0  0  0  0  0  0  1]
 [ 1  0  0  0 11  0  0  0  0  0  0]
 [ 0  0  0  0  0  0  0  1  0  0  0]
 [ 0  0  0  0  0  0  0  0  0  0  1]
 [ 0  0  0  0  0  0  0  0  0  0  0]
 [ 0  0  0  0  0  0  0  0  0  0  1]
 [ 0  0  2  0  0  0  0  0  0  0  0]
 [ 0  0  0  0  0  0  0  0  0  0  3]]

