Classifier: GradientBoostingClassifier
Params: {'criterion': 'friedman_mse', 'init': None, 'learning_rate': 0.1, 'loss': 'deviance', 'max_depth': 3, 'max_features': None, 'max_leaf_nodes': None, 'min_impurity_decrease': 0.0, 'min_impurity_split': None, 'min_samples_leaf': 1, 'min_samples_split': 2, 'min_weight_fraction_leaf': 0.0, 'n_estimators': 100, 'presort': 'auto', 'random_state': None, 'subsample': 1.0, 'verbose': 0, 'warm_start': False}

Labels: None

Training accuracy: 0.9957649205108158
Training confusion matrix:
[[14714     0     0     0     0     0     0     1     0     0     0     0     0     0     0     0     4     0     0     0     0     0     0     0     0     0     0]
 [    0   234     0     0     0     0     0     0     0     0     0     0     0     0     0     0     0     0     0     0     0     0     0     0     0     0     0]
 [    0     0   294     0     0     0     0     0     0     0     0     0     0     0     0     0     0     0     0     0     0     0     0     0     0     0     0]
 [    5     0     0   189     0     0     0     0     0     0     0     0     0     0     0     0     0     0     0     0     0     0     0     0     0     0     0]
 [    0     0     0     0   193     0     0     0     0     0     0     0     0     0     0     0     0     0     0     0     0     0     0     0     0     0     0]
 [    0     0     0     0     0   158     0     0     0     0     0     0     1     1     0     0     0     0     0     6     0     0     0     0     0     0     0]
 [    0     0     0     0     0     0   117     0     0     0     0     0     0     0     0     0     0     0     0     0     0     0     0     0     0     0     0]
 [    0     0     0     0     0     0     0   999     0     0     0     0     0     0     0     0     0     0     0     0     0     0     0     0     0     0     0]
 [    0     0     0     0     0     0     0     0   181     0     0     0     0     0     0     0     0     0     0     0     0     0     0     0     0     0     0]
 [    4     0     0     0     0     0     0     0     0  6818     0     0     0     0     0     0     0     0     0     0     0     0     0     0     0     0     0]
 [    0     0     0     0     0     0     0     0     0     0   211     0     0     0     0     0     0     0     0     0     0     0     0     0     0     0     0]
 [    0     0     0     0     0     0     0     0     0     0     0  1181     0     0     0     0     0     0     0     0     0     0     0     0     0     0     0]
 [    0     0     0     0     0     1     0     0     0     0     0     0    94     0     0     0     0     3     0     7     0     0     0     0     0     0     0]
 [    0     0     0     0     0     3     0     0     0     0     0     0     0    82     0     0     0     0     0     1     0     0     0     0     0     0     0]
 [    2     0     0     0     0     0     0     0     0     0     0     0     0     0   314     0     0     0     0     4     0     0     0     0     0     0     0]
 [    0     0     0     0     0     0     0     0     0     0     0     0     0     0     0    51     0     0     0     0     0     0     0     0     0     0     0]
 [    0     0     0     0     0     0     0     0     0     0     0     0     0     0     0     0   404     0     0     0     0     0     0     0     0     0     0]
 [    1     0     0     0     0     3     0     0     0     0     0     0     2     3     0     0     0   261     0    16     0     0     0     0     0     0     0]
 [    0     0     0     0     0     3     0     0     0     0     0     0     0     1     6     0     0     0   103     5     0     0     0     0     0     0     0]
 [    0     0     0     0     0     7     0     0     0     0     0     0    13     4     1     0     0    21     0   334     0     0     0     0     0     0     0]
 [    0     0     0     0     0     0     0     0     0     0     0     0     0     0     0     0     0     0     0     0  1005     0     0     0     0     0     0]
 [    0     0     0     0     0     0     0     0     0     0     0     0     0     0     0     0     0     0     0     0     0   214     0     0     0     0     0]
 [    0     0     0     0     0     0     0     0     0     0     0     0     0     0     0     0     0     0     0     0     0     0  2107     0     0     0     0]
 [    1     0     0     0     0     0     0     0     0     0     0     0     0     0     0     0     0     0     0     0     0     0     0    35     0     0     0]
 [    0     0     0     0     0     0     0     0     0     0     0     0     0     0     0     0     0     0     0     0     0     0     0     0    32     0     0]
 [    0     0     0     0     0     0     0     0     0     0     0     0     0     0     0     0     0     0     0     0     0     0     0     0     0    59     0]
 [    0     0     0     0     0     0     0     0     0     0     0     0     0     0     0     0     0     0     0     0     0     0     0     0     0     0   182]]

Accuracy: 0.980453479280688

Precision: [0.9923 0.9688 0.9706 0.9565 1.0000 0.5556 1.0000 1.0000 1.0000 0.9971 1.0000 0.9966 0.5161 0.6296 0.9054 1.0000 0.9811 0.6769 0.8438 0.6629 0.9918 1.0000 0.9981 1.0000 0.5455 1.0000 1.0000]
Mean: 0.895879686661177
Std: 0.16536604272396857

Recall: [0.9948 0.9688 1.0000 0.8800 1.0000 0.5769 1.0000 0.9878 0.9767 0.9983 1.0000 0.9932 0.5333 0.7727 0.8590 1.0000 0.9541 0.6667 0.6750 0.6860 0.9959 0.9643 1.0000 0.6667 1.0000 1.0000 1.0000]
Mean: 0.8944525206821027
Std: 0.15073627236777334

F1 score: [0.9935 0.9688 0.9851 0.9167 1.0000 0.5660 1.0000 0.9939 0.9882 0.9977 1.0000 0.9949 0.5246 0.6939 0.8816 1.0000 0.9674 0.6718 0.7500 0.6743 0.9938 0.9818 0.9991 0.8000 0.7059 1.0000 1.0000]
Mean: 0.8907010750679514
Std: 0.15057724733220948

Cohen Kappa score: 0.9726520264370871
Confusion matrix:
[[3616    2    1    2    0    0    0    0    0    4    0    1    0    0    1    0    2    0    0    0    2    0    0    0    4    0    0]
 [   2   62    0    0    0    0    0    0    0    0    0    0    0    0    0    0    0    0    0    0    0    0    0    0    0    0    0]
 [   0    0   66    0    0    0    0    0    0    0    0    0    0    0    0    0    0    0    0    0    0    0    0    0    0    0    0]
 [   6    0    0   44    0    0    0    0    0    0    0    0    0    0    0    0    0    0    0    0    0    0    0    0    0    0    0]
 [   0    0    0    0   59    0    0    0    0    0    0    0    0    0    0    0    0    0    0    0    0    0    0    0    0    0    0]
 [   0    0    0    0    0   15    0    0    0    0    0    0    4    3    0    0    0    0    0    4    0    0    0    0    0    0    0]
 [   0    0    0    0    0    0   34    0    0    0    0    0    0    0    0    0    0    0    0    0    0    0    0    0    0    0    0]
 [   2    0    1    0    0    0    0  243    0    0    0    0    0    0    0    0    0    0    0    0    0    0    0    0    0    0    0]
 [   0    0    0    0    0    0    0    0   42    0    0    0    0    0    0    0    0    0    0    0    0    0    1    0    0    0    0]
 [   3    0    0    0    0    0    0    0    0 1727    0    0    0    0    0    0    0    0    0    0    0    0    0    0    0    0    0]
 [   0    0    0    0    0    0    0    0    0    0   58    0    0    0    0    0    0    0    0    0    0    0    0    0    0    0    0]
 [   2    0    0    0    0    0    0    0    0    0    0  294    0    0    0    0    0    0    0    0    0    0    0    0    0    0    0]
 [   0    0    0    0    0    3    0    0    0    0    0    0   16    1    0    0    0    5    0    5    0    0    0    0    0    0    0]
 [   0    0    0    0    0    3    0    0    0    0    0    0    2   17    0    0    0    0    0    0    0    0    0    0    0    0    0]
 [   0    0    0    0    0    0    0    0    0    1    0    0    1    1   67    0    0    0    5    3    0    0    0    0    0    0    0]
 [   0    0    0    0    0    0    0    0    0    0    0    0    0    0    0   17    0    0    0    0    0    0    0    0    0    0    0]
 [   4    0    0    0    0    0    0    0    0    0    0    0    0    0    0    0  104    0    0    0    0    0    0    0    1    0    0]
 [   2    0    0    0    0    2    0    0    0    0    0    0    2    1    1    0    0   44    0   14    0    0    0    0    0    0    0]
 [   1    0    0    0    0    2    0    0    0    0    0    0    0    1    5    0    0    0   27    4    0    0    0    0    0    0    0]
 [   0    0    0    0    0    2    0    0    0    0    0    0    6    3    0    0    0   16    0   59    0    0    0    0    0    0    0]
 [   1    0    0    0    0    0    0    0    0    0    0    0    0    0    0    0    0    0    0    0  242    0    0    0    0    0    0]
 [   2    0    0    0    0    0    0    0    0    0    0    0    0    0    0    0    0    0    0    0    0   54    0    0    0    0    0]
 [   0    0    0    0    0    0    0    0    0    0    0    0    0    0    0    0    0    0    0    0    0    0  539    0    0    0    0]
 [   3    0    0    0    0    0    0    0    0    0    0    0    0    0    0    0    0    0    0    0    0    0    0    6    0    0    0]
 [   0    0    0    0    0    0    0    0    0    0    0    0    0    0    0    0    0    0    0    0    0    0    0    0    6    0    0]
 [   0    0    0    0    0    0    0    0    0    0    0    0    0    0    0    0    0    0    0    0    0    0    0    0    0   16    0]
 [   0    0    0    0    0    0    0    0    0    0    0    0    0    0    0    0    0    0    0    0    0    0    0    0    0    0   50]]

