Classifier: LinearSVC
Params: {'C': 1.0, 'class_weight': None, 'dual': True, 'fit_intercept': True, 'intercept_scaling': 1, 'loss': 'squared_hinge', 'max_iter': 1000, 'multi_class': 'ovr', 'penalty': 'l2', 'random_state': None, 'tol': 0.0001, 'verbose': 0}

Labels: None

Training accuracy: 0.9875553818087047
Training confusion matrix:
[[14707     0     0     4     0     0     0     1     0     0     0     0     0     0     0     0     5     0     2     0     0     0     0     0     0     0     0]
 [    0   234     0     0     0     0     0     0     0     0     0     0     0     0     0     0     0     0     0     0     0     0     0     0     0     0     0]
 [    0     0   294     0     0     0     0     0     0     0     0     0     0     0     0     0     0     0     0     0     0     0     0     0     0     0     0]
 [    1     0     0   193     0     0     0     0     0     0     0     0     0     0     0     0     0     0     0     0     0     0     0     0     0     0     0]
 [    0     0     0     0   193     0     0     0     0     0     0     0     0     0     0     0     0     0     0     0     0     0     0     0     0     0     0]
 [    1     0     0     0     0   127     0     0     0     0     0     0     6    12     0     0     0     8    11     1     0     0     0     0     0     0     0]
 [    0     0     0     0     0     0   117     0     0     0     0     0     0     0     0     0     0     0     0     0     0     0     0     0     0     0     0]
 [    0     0     0     0     0     0     0   999     0     0     0     0     0     0     0     0     0     0     0     0     0     0     0     0     0     0     0]
 [    0     0     0     0     0     0     0     0   181     0     0     0     0     0     0     0     0     0     0     0     0     0     0     0     0     0     0]
 [    0     0     0     0     0     0     0     0     0  6822     0     0     0     0     0     0     0     0     0     0     0     0     0     0     0     0     0]
 [    0     0     0     0     0     0     0     0     0     0   211     0     0     0     0     0     0     0     0     0     0     0     0     0     0     0     0]
 [    0     0     0     0     0     0     0     0     0     0     0  1181     0     0     0     0     0     0     0     0     0     0     0     0     0     0     0]
 [    0     0     0     0     0     1     0     0     0     0     0     0    93     9     0     0     0     2     0     0     0     0     0     0     0     0     0]
 [    0     0     0     0     0     2     0     0     0     0     0     0     0    84     0     0     0     0     0     0     0     0     0     0     0     0     0]
 [    0     0     0     0     0     2     0     0     0     0     0     0     1     9   276     0     0     3    28     1     0     0     0     0     0     0     0]
 [    0     0     0     0     0     0     0     0     0     0     0     0     0     0     0    51     0     0     0     0     0     0     0     0     0     0     0]
 [    2     0     0     0     0     0     0     0     0     0     0     0     0     0     0     0   402     0     0     0     0     0     0     0     0     0     0]
 [    0     0     0     0     0     8     0     0     0     0     0     0    16    10     0     0     0   251     1     0     0     0     0     0     0     0     0]
 [    0     0     0     0     0     0     0     0     0     0     0     0     2     2     1     0     0     1   111     1     0     0     0     0     0     0     0]
 [   13     0     0     0     0    36     0     0     0     0     0     0    37    27     7     0     0    79    28   153     0     0     0     0     0     0     0]
 [    0     0     0     0     0     0     0     0     0     0     0     0     0     0     0     0     0     0     0     0  1005     0     0     0     0     0     0]
 [    0     0     0     0     0     0     0     0     0     0     0     0     0     0     0     0     0     0     0     0     0   214     0     0     0     0     0]
 [    0     0     0     0     0     0     0     0     0     0     0     0     0     0     0     0     0     0     0     0     0     0  2107     0     0     0     0]
 [    1     0     0     0     0     0     0     0     0     0     0     0     0     0     0     0     0     0     0     0     0     0     0    35     0     0     0]
 [    0     0     0     0     0     0     0     0     0     0     0     0     0     0     0     0     0     0     0     0     0     0     0     0    32     0     0]
 [    0     0     0     0     0     0     0     0     0     0     0     0     0     0     0     0     0     0     0     0     0     0     0     0     0    59     0]
 [    0     0     0     0     0     0     0     0     0     0     0     0     0     0     0     0     0     0     0     0     0     0     0     0     0     0   182]]

Accuracy: 0.9805837894188167

Precision: [0.9945 0.9552 0.9559 0.9423 1.0000 0.5926 1.0000 0.9839 1.0000 0.9988 0.9667 0.9966 0.5581 0.5714 0.9167 1.0000 0.9907 0.6471 0.6275 0.8276 1.0000 1.0000 0.9963 1.0000 0.6250 1.0000 1.0000]
Mean: 0.8943281389128332
Std: 0.16019055331115586

Recall: [0.9956 1.0000 0.9848 0.9800 1.0000 0.6154 1.0000 0.9959 0.9302 0.9988 1.0000 0.9966 0.8000 0.9091 0.8462 1.0000 0.9725 0.8333 0.8000 0.2791 0.9877 0.9464 0.9981 1.0000 0.8333 0.9375 0.9800]
Mean: 0.9118759399178084
Std: 0.153853626188194

F1 score: [0.9951 0.9771 0.9701 0.9608 1.0000 0.6038 1.0000 0.9899 0.9639 0.9988 0.9831 0.9966 0.6575 0.7018 0.8800 1.0000 0.9815 0.7285 0.7033 0.4174 0.9938 0.9725 0.9972 1.0000 0.7143 0.9677 0.9899]
Mean: 0.8942398215128846
Std: 0.15698864722610711

Cohen Kappa score: 0.9728491934263869
Confusion matrix:
[[3619    2    0    3    0    0    0    2    0    2    2    1    0    0    1    0    1    0    0    0    0    0    0    0    2    0    0]
 [   0   64    0    0    0    0    0    0    0    0    0    0    0    0    0    0    0    0    0    0    0    0    0    0    0    0    0]
 [   1    0   65    0    0    0    0    0    0    0    0    0    0    0    0    0    0    0    0    0    0    0    0    0    0    0    0]
 [   1    0    0   49    0    0    0    0    0    0    0    0    0    0    0    0    0    0    0    0    0    0    0    0    0    0    0]
 [   0    0    0    0   59    0    0    0    0    0    0    0    0    0    0    0    0    0    0    0    0    0    0    0    0    0    0]
 [   0    0    0    0    0   16    0    0    0    0    0    0    4    3    0    0    0    0    2    1    0    0    0    0    0    0    0]
 [   0    0    0    0    0    0   34    0    0    0    0    0    0    0    0    0    0    0    0    0    0    0    0    0    0    0    0]
 [   0    0    1    0    0    0    0  245    0    0    0    0    0    0    0    0    0    0    0    0    0    0    0    0    0    0    0]
 [   1    0    0    0    0    0    0    0   40    0    0    0    0    0    0    0    0    0    0    0    0    0    2    0    0    0    0]
 [   2    0    0    0    0    0    0    0    0 1728    0    0    0    0    0    0    0    0    0    0    0    0    0    0    0    0    0]
 [   0    0    0    0    0    0    0    0    0    0   58    0    0    0    0    0    0    0    0    0    0    0    0    0    0    0    0]
 [   1    0    0    0    0    0    0    0    0    0    0  295    0    0    0    0    0    0    0    0    0    0    0    0    0    0    0]
 [   0    0    0    0    0    0    0    0    0    0    0    0   24    3    0    0    0    2    0    1    0    0    0    0    0    0    0]
 [   0    0    0    0    0    2    0    0    0    0    0    0    0   20    0    0    0    0    0    0    0    0    0    0    0    0    0]
 [   0    0    1    0    0    0    0    0    0    0    0    0    2    1   66    0    0    0    8    0    0    0    0    0    0    0    0]
 [   0    0    0    0    0    0    0    0    0    0    0    0    0    0    0   17    0    0    0    0    0    0    0    0    0    0    0]
 [   2    0    0    0    0    0    0    0    0    0    0    0    0    0    0    0  106    0    0    0    0    0    0    0    1    0    0]
 [   1    0    0    0    0    4    0    0    0    0    0    0    2    2    0    0    0   55    1    1    0    0    0    0    0    0    0]
 [   0    0    0    0    0    1    0    0    0    0    0    0    0    1    3    0    0    1   32    2    0    0    0    0    0    0    0]
 [   5    0    0    0    0    4    0    0    0    0    0    0   11    5    2    0    0   27    8   24    0    0    0    0    0    0    0]
 [   2    0    0    0    0    0    0    1    0    0    0    0    0    0    0    0    0    0    0    0  240    0    0    0    0    0    0]
 [   3    0    0    0    0    0    0    0    0    0    0    0    0    0    0    0    0    0    0    0    0   53    0    0    0    0    0]
 [   1    0    0    0    0    0    0    0    0    0    0    0    0    0    0    0    0    0    0    0    0    0  538    0    0    0    0]
 [   0    0    0    0    0    0    0    0    0    0    0    0    0    0    0    0    0    0    0    0    0    0    0    9    0    0    0]
 [   0    1    0    0    0    0    0    0    0    0    0    0    0    0    0    0    0    0    0    0    0    0    0    0    5    0    0]
 [   0    0    1    0    0    0    0    0    0    0    0    0    0    0    0    0    0    0    0    0    0    0    0    0    0   15    0]
 [   0    0    0    0    0    0    0    1    0    0    0    0    0    0    0    0    0    0    0    0    0    0    0    0    0    0   49]]

