Classifier: RandomForestClassifier
Params: {'bootstrap': True, 'class_weight': None, 'criterion': 'gini', 'max_depth': None, 'max_features': 'auto', 'max_leaf_nodes': None, 'min_impurity_decrease': 0.0, 'min_impurity_split': None, 'min_samples_leaf': 1, 'min_samples_split': 2, 'min_weight_fraction_leaf': 0.0, 'n_estimators': 100, 'n_jobs': 1, 'oob_score': False, 'random_state': None, 'verbose': 0, 'warm_start': False}

Labels: None

Training accuracy: 0.9990878290330988
Training confusion matrix:
[[14718     0     0     0     0     0     0     0     0     0     0     0     0     0     0     0     1     0     0     0     0     0     0     0     0     0     0]
 [    0   234     0     0     0     0     0     0     0     0     0     0     0     0     0     0     0     0     0     0     0     0     0     0     0     0     0]
 [    0     0   294     0     0     0     0     0     0     0     0     0     0     0     0     0     0     0     0     0     0     0     0     0     0     0     0]
 [    1     0     0   193     0     0     0     0     0     0     0     0     0     0     0     0     0     0     0     0     0     0     0     0     0     0     0]
 [    0     0     0     0   193     0     0     0     0     0     0     0     0     0     0     0     0     0     0     0     0     0     0     0     0     0     0]
 [    0     0     0     0     0   166     0     0     0     0     0     0     0     0     0     0     0     0     0     0     0     0     0     0     0     0     0]
 [    0     0     0     0     0     0   117     0     0     0     0     0     0     0     0     0     0     0     0     0     0     0     0     0     0     0     0]
 [    0     0     0     0     0     0     0   999     0     0     0     0     0     0     0     0     0     0     0     0     0     0     0     0     0     0     0]
 [    0     0     0     0     0     0     0     0   181     0     0     0     0     0     0     0     0     0     0     0     0     0     0     0     0     0     0]
 [    0     0     0     0     0     0     0     0     0  6822     0     0     0     0     0     0     0     0     0     0     0     0     0     0     0     0     0]
 [    0     0     0     0     0     0     0     0     0     0   211     0     0     0     0     0     0     0     0     0     0     0     0     0     0     0     0]
 [    0     0     0     0     0     0     0     0     0     0     0  1181     0     0     0     0     0     0     0     0     0     0     0     0     0     0     0]
 [    0     0     0     0     0     0     0     0     0     0     0     0   103     0     0     0     0     0     0     2     0     0     0     0     0     0     0]
 [    0     0     0     0     0     0     0     0     0     0     0     0     0    84     0     0     0     0     0     2     0     0     0     0     0     0     0]
 [    0     0     0     0     0     0     0     0     0     0     0     0     0     0   320     0     0     0     0     0     0     0     0     0     0     0     0]
 [    0     0     0     0     0     0     0     0     0     0     0     0     0     0     0    51     0     0     0     0     0     0     0     0     0     0     0]
 [    1     0     0     0     0     0     0     0     0     0     0     0     0     0     0     0   403     0     0     0     0     0     0     0     0     0     0]
 [    0     0     0     0     0     0     0     0     0     0     0     0     1     0     0     0     0   278     0     7     0     0     0     0     0     0     0]
 [    0     0     0     0     0     0     0     0     0     0     0     0     0     0     0     0     0     0   118     0     0     0     0     0     0     0     0]
 [    0     0     0     0     0     6     0     0     0     0     0     0     2     0     0     0     0     4     0   368     0     0     0     0     0     0     0]
 [    0     0     0     0     0     0     0     0     0     0     0     0     0     0     0     0     0     0     0     0  1005     0     0     0     0     0     0]
 [    0     0     0     0     0     0     0     0     0     0     0     0     0     0     0     0     0     0     0     0     0   214     0     0     0     0     0]
 [    0     0     0     0     0     0     0     0     0     0     0     0     0     0     0     0     0     0     0     0     0     0  2107     0     0     0     0]
 [    1     0     0     0     0     0     0     0     0     0     0     0     0     0     0     0     0     0     0     0     0     0     0    35     0     0     0]
 [    0     0     0     0     0     0     0     0     0     0     0     0     0     0     0     0     0     0     0     0     0     0     0     0    32     0     0]
 [    0     0     0     0     0     0     0     0     0     0     0     0     0     0     0     0     0     0     0     0     0     0     0     0     0    59     0]
 [    0     0     0     0     0     0     0     0     0     0     0     0     0     0     0     0     0     0     0     0     0     0     0     0     0     0   182]]

Accuracy: 0.9744592129267657

Precision: [0.9821 0.8971 0.9559 0.9070 0.9831 0.5000 1.0000 0.9878 1.0000 1.0000 0.9815 1.0000 0.5714 0.6250 0.9054 1.0000 0.9901 0.6618 0.8462 0.6087 0.9878 0.9608 0.9981 1.0000 0.6250 1.0000 1.0000]
Mean: 0.8879448220794683
Std: 0.16103003263472201

Recall: [0.9945 0.9531 0.9848 0.7800 0.9831 0.5000 0.9706 0.9837 0.9767 0.9983 0.9138 0.9932 0.4000 0.6818 0.8590 0.9412 0.9174 0.6818 0.5500 0.6512 0.9959 0.8750 1.0000 0.5556 0.8333 0.9375 0.9600]
Mean: 0.8470945040564921
Std: 0.17662705121199002

F1 score: [0.9882 0.9242 0.9701 0.8387 0.9831 0.5000 0.9851 0.9857 0.9882 0.9991 0.9464 0.9966 0.4706 0.6522 0.8816 0.9697 0.9524 0.6716 0.6667 0.6292 0.9918 0.9159 0.9991 0.7143 0.7143 0.9677 0.9796]
Mean: 0.8623048847509023
Std: 0.1634518507797396

Cohen Kappa score: 0.9641588107648146
Confusion matrix:
[[3615    7    1    4    0    0    0    1    0    0    1    0    0    0    1    0    1    0    0    0    0    2    0    0    2    0    0]
 [   3   61    0    0    0    0    0    0    0    0    0    0    0    0    0    0    0    0    0    0    0    0    0    0    0    0    0]
 [   1    0   65    0    0    0    0    0    0    0    0    0    0    0    0    0    0    0    0    0    0    0    0    0    0    0    0]
 [  11    0    0   39    0    0    0    0    0    0    0    0    0    0    0    0    0    0    0    0    0    0    0    0    0    0    0]
 [   1    0    0    0   58    0    0    0    0    0    0    0    0    0    0    0    0    0    0    0    0    0    0    0    0    0    0]
 [   1    0    0    0    0   13    0    0    0    0    0    0    3    2    0    0    0    1    0    6    0    0    0    0    0    0    0]
 [   1    0    0    0    0    0   33    0    0    0    0    0    0    0    0    0    0    0    0    0    0    0    0    0    0    0    0]
 [   2    0    1    0    0    0    0  242    0    0    0    0    0    0    0    0    0    0    0    0    1    0    0    0    0    0    0]
 [   0    0    0    0    0    0    0    0   42    0    0    0    0    0    0    0    0    0    0    0    0    0    1    0    0    0    0]
 [   3    0    0    0    0    0    0    0    0 1727    0    0    0    0    0    0    0    0    0    0    0    0    0    0    0    0    0]
 [   5    0    0    0    0    0    0    0    0    0   53    0    0    0    0    0    0    0    0    0    0    0    0    0    0    0    0]
 [   2    0    0    0    0    0    0    0    0    0    0  294    0    0    0    0    0    0    0    0    0    0    0    0    0    0    0]
 [   0    0    0    0    0    5    0    0    0    0    0    0   12    1    0    0    0    4    0    8    0    0    0    0    0    0    0]
 [   0    0    0    0    0    3    0    0    0    0    0    0    1   15    0    0    0    2    0    1    0    0    0    0    0    0    0]
 [   3    0    0    0    0    0    0    0    0    0    0    0    1    1   67    0    0    0    4    2    0    0    0    0    0    0    0]
 [   0    0    0    0    0    0    0    1    0    0    0    0    0    0    0   16    0    0    0    0    0    0    0    0    0    0    0]
 [   8    0    0    0    0    0    0    0    0    0    0    0    0    0    0    0  100    0    0    0    0    0    0    0    1    0    0]
 [   5    0    0    0    0    1    0    0    0    0    0    0    2    1    0    0    0   45    0   12    0    0    0    0    0    0    0]
 [   5    0    0    0    0    1    0    0    0    0    0    0    0    1    4    0    0    0   22    7    0    0    0    0    0    0    0]
 [   4    0    0    0    0    3    0    0    0    0    0    0    2    3    2    0    0   16    0   56    0    0    0    0    0    0    0]
 [   1    0    0    0    0    0    0    0    0    0    0    0    0    0    0    0    0    0    0    0  242    0    0    0    0    0    0]
 [   4    0    1    0    0    0    0    1    0    0    0    0    0    0    0    0    0    0    0    0    1   49    0    0    0    0    0]
 [   0    0    0    0    0    0    0    0    0    0    0    0    0    0    0    0    0    0    0    0    0    0  539    0    0    0    0]
 [   4    0    0    0    0    0    0    0    0    0    0    0    0    0    0    0    0    0    0    0    0    0    0    5    0    0    0]
 [   1    0    0    0    0    0    0    0    0    0    0    0    0    0    0    0    0    0    0    0    0    0    0    0    5    0    0]
 [   0    0    0    0    1    0    0    0    0    0    0    0    0    0    0    0    0    0    0    0    0    0    0    0    0   15    0]
 [   1    0    0    0    0    0    0    0    0    0    0    0    0    0    0    0    0    0    0    0    1    0    0    0    0    0   48]]

