Classifier: MultinomialNB
Params: {'alpha': 1.0, 'class_prior': None, 'fit_prior': True}

Labels: None

Training accuracy: 0.8975
Training confusion matrix:
[[183   2   0   0   0   0   1   0   0   0   0   3   0   0   0   1   1   2   1   0   0   0   0   0]
 [  0   7   0   0   0   0   0   0   0   0   0   0   0   0   0   0   0   0   0   0   0   0   0   0]
 [  0   1   5   0   0   0   0   0   0   0   0   0   0   0   0   0   0   0   0   0   0   0   0   0]
 [  2   0   0   0   0   0   0   0   0   0   0   0   0   0   0   0   0   0   0   0   0   0   0   0]
 [  0   0   0   0   0   0   0   0   0   0   0   0   0   0   0   0   0   0   0   1   0   0   0   0]
 [  0   0   0   0   0   3   0   0   0   0   0   0   0   0   0   0   0   0   0   0   0   0   0   0]
 [  0   0   0   0   0   0  13   0   0   0   0   0   0   0   0   0   0   0   0   0   0   0   0   0]
 [  0   0   0   0   0   0   0   0   0   0   0   0   0   0   0   0   0   0   0   1   0   0   0   0]
 [  6   0   0   0   0   0   0   0  79   0   0   0   0   0   0   0   0   0   0   1   0   0   0   0]
 [  1   1   0   0   0   0   0   0   0   3   0   0   0   0   0   0   0   0   0   0   0   0   0   0]
 [  0   0   0   0   0   0   0   0   0   0  15   0   0   0   0   0   0   0   0   0   0   0   0   0]
 [  0   0   0   0   0   0   0   0   0   0   0   3   0   0   0   0   0   0   0   0   0   0   0   0]
 [  0   0   0   0   0   0   0   0   0   0   0   1   2   0   0   1   0   0   0   1   0   0   0   0]
 [  0   0   0   0   0   0   0   0   0   0   0   0   0   2   0   0   0   0   0   0   0   0   0   0]
 [  0   0   0   0   0   0   0   0   0   0   0   2   0   0   0   0   0   0   0   0   0   0   0   0]
 [  0   0   0   0   0   0   0   0   0   0   0   2   0   0   0   3   0   0   0   0   0   0   0   0]
 [  1   0   0   0   0   0   0   0   0   0   0   1   0   0   0   0   2   0   0   0   0   0   0   0]
 [  0   0   0   0   0   0   0   0   0   0   0   0   0   0   0   0   0   9   0   2   0   0   0   0]
 [  0   0   0   0   0   0   0   0   0   0   0   0   0   0   0   0   0   2   1   0   0   0   0   0]
 [  0   0   0   0   0   0   0   0   0   0   0   0   0   0   0   0   0   0   0  26   0   0   0   0]
 [  1   0   0   0   0   0   0   0   0   0   0   0   0   0   0   0   0   0   0   0   0   0   0   0]
 [  0   0   0   0   0   0   0   0   0   0   0   0   0   0   0   0   0   0   0   0   0   2   0   0]
 [  0   0   0   0   0   0   0   0   0   0   0   0   0   0   0   0   0   0   0   1   0   0   0   0]
 [  0   0   0   0   0   0   0   0   0   0   0   0   0   0   0   0   0   0   0   1   0   0   0   1]]

Accuracy: 0.91

Precision: [0.9524 0.0000 0.0000 0.0000 0.0000 1.0000 1.0000 1.0000 0.0000 0.0000 0.0000 0.5000 0.0000 1.0000 0.0000 0.6667]
Mean: 0.38244047619047616
Std: 0.4514769123140271

Recall: [0.9756 0.0000 0.0000 0.0000 0.0000 1.0000 0.9697 1.0000 0.0000 0.0000 0.0000 1.0000 0.0000 1.0000 0.0000 1.0000]
Mean: 0.43408167036215817
Std: 0.4922712834734654

F1 score: [0.9639 0.0000 0.0000 0.0000 0.0000 1.0000 0.9846 1.0000 0.0000 0.0000 0.0000 0.6667 0.0000 1.0000 0.0000 0.8000]
Mean: 0.4009460920605499
Std: 0.4617091125754026

Cohen Kappa score: 0.8735599887608879
Confusion matrix:
[[40  0  0  0  0  0  0  0  0  0  0  0  0  0  1  0]
 [ 0  0  0  0  0  0  0  0  0  0  0  0  0  0  0  0]
 [ 0  1  0  0  0  0  0  0  0  0  0  0  0  0  0  0]
 [ 0  0  0  0  0  0  0  0  0  0  0  0  0  0  0  1]
 [ 0  0  0  0  0  0  0  0  1  0  0  0  0  0  0  0]
 [ 0  0  0  0  0  2  0  0  0  0  0  0  0  0  0  0]
 [ 1  0  0  0  0  0 32  0  0  0  0  0  0  0  0  0]
 [ 0  0  0  0  0  0  0  5  0  0  0  0  0  0  0  0]
 [ 0  0  0  0  0  0  0  0  0  0  0  0  0  0  0  0]
 [ 1  0  0  0  0  0  0  0  0  0  0  1  0  0  0  0]
 [ 0  0  0  0  0  0  0  0  0  0  0  0  0  0  0  1]
 [ 0  0  0  0  0  0  0  0  0  0  0  1  0  0  0  0]
 [ 0  0  0  0  0  0  0  0  1  0  0  0  0  0  0  0]
 [ 0  0  0  0  0  0  0  0  0  0  0  0  0  7  0  0]
 [ 0  0  0  0  0  0  0  0  0  0  0  0  0  0  0  0]
 [ 0  0  0  0  0  0  0  0  0  0  0  0  0  0  0  4]]

