Classifier: GradientBoostingClassifier
Params: {'criterion': 'friedman_mse', 'init': None, 'learning_rate': 0.1, 'loss': 'deviance', 'max_depth': 3, 'max_features': None, 'max_leaf_nodes': None, 'min_impurity_decrease': 0.0, 'min_impurity_split': None, 'min_samples_leaf': 1, 'min_samples_split': 2, 'min_weight_fraction_leaf': 0.0, 'n_estimators': 100, 'presort': 'auto', 'random_state': None, 'subsample': 1.0, 'verbose': 0, 'warm_start': False}

Labels: None

Training accuracy: 0.9924745895230649
Training confusion matrix:
[[14689     0     1     5     0     0     0     4     0     1     0     0     0     0     1     0     2     0     0     0     0     0     1     0     0     0     0]
 [    1   235     0     0     0     0     0     0     0     0     0     0     0     0     0     0     0     0     0     0     0     0     0     0     0     0     0]
 [    0     0   281     0     0     0     0     0     0     0     0     0     0     0     0     0     0     0     0     0     0     0     0     0     0     0     0]
 [    8     0     0   190     0     0     0     0     0     0     0     0     0     0     0     0     0     0     0     0     0     0     0     0     0     0     0]
 [    0     0     0     0   194     0     0     0     0     0     0     0     0     0     0     0     0     0     0     0     0     0     0     0     0     0     0]
 [    0     0     0     0     0   137     0     0     0     0     0     0     3     3     0     0     0     0     2    12     0     0     0     0     0     0     0]
 [    0     0     0     0     0     0   120     0     0     0     0     0     0     0     0     0     0     0     0     0     0     0     0     0     0     0     0]
 [    1     0     0     0     0     0     0  1024     0     0     0     0     0     0     0     0     0     0     0     0     0     0     0     0     0     0     0]
 [    0     0     0     0     0     0     0     0   181     0     0     0     0     0     0     0     0     0     0     0     0     0     0     0     0     0     0]
 [    8     0     0     0     0     0     0     0     0  6811     0     0     0     0     0     0     0     0     0     0     0     0     0     0     0     0     0]
 [    0     0     0     0     0     0     0     0     0     0   219     0     0     0     0     0     0     0     0     0     0     0     0     0     0     0     0]
 [    0     0     0     0     0     0     0     0     0     0     0  1175     0     0     0     0     0     0     0     0     0     0     0     0     0     0     0]
 [    0     0     0     0     0     3     0     0     0     0     0     0    96     0     0     0     0     3     0     8     0     0     0     0     0     0     0]
 [    0     0     0     0     0     3     0     0     0     0     0     0     0    85     0     0     0     1     0     1     0     0     0     0     0     0     0]
 [    1     0     0     0     0     6     0     0     0     0     0     0     0     0   290     0     0     1    12     7     0     0     0     0     0     0     0]
 [    0     0     0     0     0     0     0     0     0     0     0     0     0     0     0    50     0     0     0     0     0     0     0     0     0     0     0]
 [    4     0     0     0     0     0     0     0     0     0     0     0     0     0     0     0   391     0     0     0     0     0     0     0     0     0     0]
 [    0     0     0     0     0     4     0     0     0     0     0     0     5     7     0     0     0   236     0    27     0     0     0     0     0     0     0]
 [    0     0     0     0     0     2     0     0     0     0     0     0     1     1     4     0     0     2   110     8     0     0     0     0     0     0     0]
 [    0     0     0     0     0    13     0     0     0     0     0     0    20     5     1     0     0    27     0   311     0     0     0     0     0     0     0]
 [    1     0     0     0     0     0     0     0     0     0     0     0     0     0     0     0     0     0     0     0   989     0     0     0     0     0     0]
 [    0     0     0     0     0     0     0     0     0     0     0     0     0     0     0     0     0     0     0     0     0   211     0     0     0     0     0]
 [    0     0     0     0     0     0     0     0     0     0     0     0     0     0     0     0     0     0     0     0     0     0  2129     0     0     0     0]
 [    0     0     0     0     0     0     0     0     0     0     0     0     0     0     0     0     0     0     0     0     0     0     0    38     0     0     0]
 [    0     0     0     0     0     0     0     0     0     0     0     0     0     0     0     0     0     0     0     0     0     0     0     0    33     0     0]
 [    0     0     0     0     0     0     0     0     0     0     0     0     0     0     0     0     0     0     0     0     0     0     0     0     0    60     0]
 [    0     0     0     0     0     0     0     0     0     0     0     0     0     0     0     0     0     0     0     0     0     0     0     0     0     0   180]]

Accuracy: 0.979410998175658

Precision: [0.9915 0.9667 0.9872 0.9362 1.0000 0.6750 1.0000 0.9865 1.0000 0.9965 1.0000 1.0000 0.5000 0.4595 0.9041 1.0000 0.9915 0.7500 0.6296 0.6627 0.9922 0.9833 0.9981 0.8750 1.0000 1.0000 1.0000]
Mean: 0.899464469521252
Std: 0.16321294668464995

Recall: [0.9951 0.9355 0.9747 0.9565 1.0000 0.7714 1.0000 0.9955 1.0000 0.9960 0.9600 0.9967 0.5600 0.9444 0.8148 0.9444 0.9915 0.5753 0.5667 0.6180 0.9845 1.0000 1.0000 1.0000 0.8000 1.0000 0.9808]
Mean: 0.902287830021678
Std: 0.1480271625495274

F1 score: [0.9933 0.9508 0.9809 0.9462 1.0000 0.7200 1.0000 0.9910 1.0000 0.9962 0.9796 0.9983 0.5283 0.6182 0.8571 0.9714 0.9915 0.6512 0.5965 0.6395 0.9883 0.9916 0.9990 0.9333 0.8889 1.0000 0.9903]
Mean: 0.8963562846795426
Std: 0.1510107286462219

Cohen Kappa score: 0.971119362995416
Confusion matrix:
[[3632    2    1    3    0    0    0    3    0    5    0    0    0    0    0    0    1    0    0    0    0    1    1    1    0    0    0]
 [   4   58    0    0    0    0    0    0    0    0    0    0    0    0    0    0    0    0    0    0    0    0    0    0    0    0    0]
 [   1    0   77    0    0    0    0    0    0    0    0    0    0    0    0    0    0    0    0    0    1    0    0    0    0    0    0]
 [   2    0    0   44    0    0    0    0    0    0    0    0    0    0    0    0    0    0    0    0    0    0    0    0    0    0    0]
 [   0    0    0    0   58    0    0    0    0    0    0    0    0    0    0    0    0    0    0    0    0    0    0    0    0    0    0]
 [   0    0    0    0    0   27    0    0    0    0    0    0    0    1    0    0    0    0    4    3    0    0    0    0    0    0    0]
 [   0    0    0    0    0    0   31    0    0    0    0    0    0    0    0    0    0    0    0    0    0    0    0    0    0    0    0]
 [   1    0    0    0    0    0    0  219    0    0    0    0    0    0    0    0    0    0    0    0    0    0    0    0    0    0    0]
 [   0    0    0    0    0    0    0    0   43    0    0    0    0    0    0    0    0    0    0    0    0    0    0    0    0    0    0]
 [   7    0    0    0    0    0    0    0    0 1726    0    0    0    0    0    0    0    0    0    0    0    0    0    0    0    0    0]
 [   2    0    0    0    0    0    0    0    0    0   48    0    0    0    0    0    0    0    0    0    0    0    0    0    0    0    0]
 [   0    0    0    0    0    0    0    0    0    1    0  301    0    0    0    0    0    0    0    0    0    0    0    0    0    0    0]
 [   0    0    0    0    0    1    0    0    0    0    0    0   14    4    0    0    0    2    0    4    0    0    0    0    0    0    0]
 [   0    0    0    0    0    0    0    0    0    0    0    0    1   17    0    0    0    0    0    0    0    0    0    0    0    0    0]
 [   3    0    0    0    0    3    0    0    0    0    0    0    1    2   66    0    0    0    4    2    0    0    0    0    0    0    0]
 [   1    0    0    0    0    0    0    0    0    0    0    0    0    0    0   17    0    0    0    0    0    0    0    0    0    0    0]
 [   1    0    0    0    0    0    0    0    0    0    0    0    0    0    0    0  117    0    0    0    0    0    0    0    0    0    0]
 [   1    0    0    0    0    3    0    0    0    0    0    0    6    2    1    0    0   42    1   17    0    0    0    0    0    0    0]
 [   3    0    0    0    0    0    0    0    0    0    0    0    1    1    6    0    0    0   17    2    0    0    0    0    0    0    0]
 [   0    0    0    0    0    6    0    0    0    0    0    0    5   10    0    0    0   12    1   55    0    0    0    0    0    0    0]
 [   4    0    0    0    0    0    0    0    0    0    0    0    0    0    0    0    0    0    0    0  254    0    0    0    0    0    0]
 [   0    0    0    0    0    0    0    0    0    0    0    0    0    0    0    0    0    0    0    0    0   59    0    0    0    0    0]
 [   0    0    0    0    0    0    0    0    0    0    0    0    0    0    0    0    0    0    0    0    0    0  517    0    0    0    0]
 [   0    0    0    0    0    0    0    0    0    0    0    0    0    0    0    0    0    0    0    0    0    0    0    7    0    0    0]
 [   1    0    0    0    0    0    0    0    0    0    0    0    0    0    0    0    0    0    0    0    0    0    0    0    4    0    0]
 [   0    0    0    0    0    0    0    0    0    0    0    0    0    0    0    0    0    0    0    0    0    0    0    0    0   15    0]
 [   0    0    0    0    0    0    0    0    0    0    0    0    0    0    0    0    0    0    0    0    1    0    0    0    0    0   51]]

