Classifier: GradientBoostingClassifier
Params: {'criterion': 'friedman_mse', 'init': None, 'learning_rate': 0.1, 'loss': 'deviance', 'max_depth': 3, 'max_features': None, 'max_leaf_nodes': None, 'min_impurity_decrease': 0.0, 'min_impurity_split': None, 'min_samples_leaf': 1, 'min_samples_split': 2, 'min_weight_fraction_leaf': 0.0, 'n_estimators': 100, 'presort': 'auto', 'random_state': None, 'subsample': 1.0, 'verbose': 0, 'warm_start': False}

Labels: None

Training accuracy: 0.9915624185561637
Training confusion matrix:
[[14705     0     1     5     0     0     0     1     0     0     0     0     0     0     1     0     3     0     0     0     0     0     0     1     0     0     0]
 [    0   237     0     0     0     0     0     0     0     0     0     0     0     0     0     0     0     0     0     0     0     0     0     0     0     0     0]
 [    0     0   265     0     0     0     0     0     0     0     0     0     0     0     0     0     0     0     0     0     0     0     0     0     0     0     0]
 [    0     0     0   203     0     0     0     0     0     0     0     0     0     0     0     0     0     0     0     0     0     0     0     0     0     0     0]
 [    0     0     0     0   208     0     0     0     0     0     0     0     0     0     0     0     0     0     0     0     0     0     0     0     0     0     0]
 [    0     0     0     0     0   127     0     0     0     0     0     0     4     2     4     0     0     1     0    13     0     0     0     0     0     0     0]
 [    0     0     0     0     0     0   119     0     0     0     0     0     0     0     0     0     0     0     0     0     0     0     0     0     0     0     0]
 [    0     0     0     0     0     0     0   990     0     0     0     0     0     0     0     0     0     0     0     0     0     0     0     0     0     0     0]
 [    0     0     0     0     0     0     0     0   183     0     0     0     0     0     0     0     0     0     0     0     0     0     0     0     0     0     0]
 [   70     0     0     0     0     0     0     0     0  6733     0     0     0     0     0     0     0     0     0     0     0     0     0     0     0     0     0]
 [    0     0     0     0     0     0     0     0     0     0   216     0     0     0     0     0     0     0     0     0     0     0     0     0     0     0     0]
 [    0     0     0     0     0     0     0     0     0     0     0  1183     0     0     0     0     0     0     0     0     0     0     0     0     0     0     0]
 [    0     0     0     0     0     1     0     0     0     0     0     0    95     2     0     0     0     2     0     9     0     0     0     0     0     0     0]
 [    0     0     0     0     0     1     0     0     0     0     0     0     3    77     0     0     0     0     0     5     0     0     0     0     0     0     0]
 [    0     0     0     0     0     1     0     0     0     0     0     0     1     2   308     0     0     1     3     2     0     0     0     0     0     0     0]
 [    0     0     0     0     0     0     0     0     0     0     0     0     0     0     0    58     0     0     0     0     0     0     0     0     0     0     0]
 [    3     0     0     0     0     0     0     0     0     0     0     0     0     0     0     0   414     0     0     0     0     0     0     0     0     0     0]
 [    1     0     0     0     0     2     0     0     0     0     0     0     7     5     1     0     0   224     0    34     0     0     0     0     0     0     0]
 [    0     0     0     0     0     4     0     0     0     0     0     0     0     1     9     0     0     2   106     7     0     0     0     0     0     0     0]
 [    0     0     0     0     0     3     0     0     0     0     0     0    17     3     3     0     0    16     1   329     0     0     0     0     0     0     0]
 [    1     0     0     0     0     0     0     0     0     0     0     0     0     0     0     0     0     0     0     0  1003     0     0     0     0     0     0]
 [    0     0     0     0     0     0     0     0     0     0     0     0     0     0     0     0     0     0     0     0     0   210     0     0     0     0     0]
 [    0     0     0     0     0     0     0     0     0     0     0     0     0     0     0     0     0     0     0     0     0     0  2126     0     0     0     0]
 [    0     0     0     0     0     0     0     0     0     0     0     0     0     0     0     0     0     0     0     0     0     0     0    34     0     0     0]
 [    0     0     0     0     0     0     0     0     0     0     0     0     0     0     0     0     0     0     0     0     0     0     0     0    35     0     0]
 [    0     0     0     0     0     0     0     0     0     0     0     0     0     0     0     0     0     0     0     0     0     0     0     0     0    65     0]
 [    0     0     0     0     0     0     0     0     0     0     0     0     0     0     0     0     0     0     0     0     0     0     0     0     0     0   184]]

Accuracy: 0.9792806880375293

Precision: [0.9864 1.0000 1.0000 0.9048 1.0000 0.6250 1.0000 0.9881 1.0000 0.9994 1.0000 1.0000 0.4865 0.6667 0.9157 1.0000 0.9794 0.8406 0.8421 0.6667 0.9959 1.0000 1.0000 0.9000 0.7500 1.0000 0.9792]
Mean: 0.9083805433949199
Std: 0.1414388752321645

Recall: [0.9970 0.9672 1.0000 0.9268 0.9773 0.6098 1.0000 0.9765 1.0000 0.9834 1.0000 0.9966 0.6923 0.7273 0.9500 0.9000 0.9896 0.7436 0.5517 0.6809 0.9918 0.9667 1.0000 0.8182 1.0000 1.0000 0.9792]
Mean: 0.9046548959240214
Std: 0.13601788570389692

F1 score: [0.9917 0.9833 1.0000 0.9157 0.9885 0.6173 1.0000 0.9822 1.0000 0.9914 1.0000 0.9983 0.5714 0.6957 0.9325 0.9474 0.9845 0.7891 0.6667 0.6737 0.9938 0.9831 1.0000 0.8571 0.8571 1.0000 0.9792]
Mean: 0.9036879196924765
Std: 0.13492274676972602

Cohen Kappa score: 0.9709267302210836
Confusion matrix:
[[3626    0    0    4    0    0    0    2    0    1    0    0    0    0    1    0    2    0    0    0    0    0    0    1    0    0    0]
 [   2   59    0    0    0    0    0    0    0    0    0    0    0    0    0    0    0    0    0    0    0    0    0    0    0    0    0]
 [   0    0   95    0    0    0    0    0    0    0    0    0    0    0    0    0    0    0    0    0    0    0    0    0    0    0    0]
 [   3    0    0   38    0    0    0    0    0    0    0    0    0    0    0    0    0    0    0    0    0    0    0    0    0    0    0]
 [   1    0    0    0   43    0    0    0    0    0    0    0    0    0    0    0    0    0    0    0    0    0    0    0    0    0    0]
 [   0    0    0    0    0   25    0    0    0    0    0    0    3    3    1    0    0    2    0    7    0    0    0    0    0    0    0]
 [   0    0    0    0    0    0   32    0    0    0    0    0    0    0    0    0    0    0    0    0    0    0    0    0    0    0    0]
 [   5    0    0    0    0    0    0  249    0    0    0    0    0    0    0    0    0    0    0    0    1    0    0    0    0    0    0]
 [   0    0    0    0    0    0    0    0   41    0    0    0    0    0    0    0    0    0    0    0    0    0    0    0    0    0    0]
 [  29    0    0    0    0    0    0    0    0 1720    0    0    0    0    0    0    0    0    0    0    0    0    0    0    0    0    0]
 [   0    0    0    0    0    0    0    0    0    0   53    0    0    0    0    0    0    0    0    0    0    0    0    0    0    0    0]
 [   1    0    0    0    0    0    0    0    0    0    0  293    0    0    0    0    0    0    0    0    0    0    0    0    0    0    0]
 [   0    0    0    0    0    5    0    0    0    0    0    0   18    1    0    0    0    0    0    2    0    0    0    0    0    0    0]
 [   0    0    0    0    0    1    0    0    0    0    0    0    0   16    0    0    0    0    0    5    0    0    0    0    0    0    0]
 [   0    0    0    0    0    0    0    0    0    0    0    0    1    0   76    0    0    0    0    3    0    0    0    0    0    0    0]
 [   1    0    0    0    0    0    0    0    0    0    0    0    0    0    0    9    0    0    0    0    0    0    0    0    0    0    0]
 [   0    0    0    0    0    0    0    0    0    0    0    0    0    0    0    0   95    0    0    0    0    0    0    0    1    0    0]
 [   0    0    0    0    0    3    0    0    0    0    0    0    2    2    0    0    0   58    0   13    0    0    0    0    0    0    0]
 [   3    0    0    0    0    1    0    0    0    0    0    0    1    1    4    0    0    1   16    2    0    0    0    0    0    0    0]
 [   0    0    0    0    0    5    0    0    0    0    0    0   12    1    1    0    0    8    3   64    0    0    0    0    0    0    0]
 [   0    0    0    0    0    0    0    1    0    0    0    0    0    0    0    0    0    0    0    0  242    0    0    0    0    0    1]
 [   2    0    0    0    0    0    0    0    0    0    0    0    0    0    0    0    0    0    0    0    0   58    0    0    0    0    0]
 [   0    0    0    0    0    0    0    0    0    0    0    0    0    0    0    0    0    0    0    0    0    0  520    0    0    0    0]
 [   2    0    0    0    0    0    0    0    0    0    0    0    0    0    0    0    0    0    0    0    0    0    0    9    0    0    0]
 [   0    0    0    0    0    0    0    0    0    0    0    0    0    0    0    0    0    0    0    0    0    0    0    0    3    0    0]
 [   0    0    0    0    0    0    0    0    0    0    0    0    0    0    0    0    0    0    0    0    0    0    0    0    0   10    0]
 [   1    0    0    0    0    0    0    0    0    0    0    0    0    0    0    0    0    0    0    0    0    0    0    0    0    0   47]]

