Classifier: LinearSVC
Params: {'C': 1.0, 'class_weight': None, 'dual': True, 'fit_intercept': True, 'intercept_scaling': 1, 'loss': 'squared_hinge', 'max_iter': 1000, 'multi_class': 'ovr', 'penalty': 'l2', 'random_state': None, 'tol': 0.0001, 'verbose': 0}

Labels: None

Training accuracy: 0.9902593171748763
Training confusion matrix:
[[14705     0     1     5     0     0     0     0     0     0     0     0     0     0     0     0     5     0     0     0     0     0     0     1     0     0     0]
 [    0   237     0     0     0     0     0     0     0     0     0     0     0     0     0     0     0     0     0     0     0     0     0     0     0     0     0]
 [    0     0   265     0     0     0     0     0     0     0     0     0     0     0     0     0     0     0     0     0     0     0     0     0     0     0     0]
 [    0     0     0   203     0     0     0     0     0     0     0     0     0     0     0     0     0     0     0     0     0     0     0     0     0     0     0]
 [    0     0     0     0   208     0     0     0     0     0     0     0     0     0     0     0     0     0     0     0     0     0     0     0     0     0     0]
 [    0     0     0     0     0   113     0     0     0     0     0     0     3     1     6     0     0     1     4    23     0     0     0     0     0     0     0]
 [    0     0     0     0     0     0   119     0     0     0     0     0     0     0     0     0     0     0     0     0     0     0     0     0     0     0     0]
 [    0     0     0     0     0     0     0   990     0     0     0     0     0     0     0     0     0     0     0     0     0     0     0     0     0     0     0]
 [    0     0     0     0     0     0     0     0   183     0     0     0     0     0     0     0     0     0     0     0     0     0     0     0     0     0     0]
 [    0     0     0     0     0     0     0     0     0  6803     0     0     0     0     0     0     0     0     0     0     0     0     0     0     0     0     0]
 [    0     0     0     0     0     0     0     0     0     0   216     0     0     0     0     0     0     0     0     0     0     0     0     0     0     0     0]
 [    0     0     0     0     0     0     0     0     0     0     0  1183     0     0     0     0     0     0     0     0     0     0     0     0     0     0     0]
 [    0     0     0     0     0     2     0     0     0     0     0     0    91     8     0     0     0     5     0     3     0     0     0     0     0     0     0]
 [    0     0     0     0     0     6     0     0     0     0     0     0     2    68     0     0     0     1     0     9     0     0     0     0     0     0     0]
 [    0     0     0     0     0     1     0     0     0     0     0     0     1     2   310     0     0     1     0     3     0     0     0     0     0     0     0]
 [    0     0     0     0     0     0     0     0     0     0     0     0     0     0     0    58     0     0     0     0     0     0     0     0     0     0     0]
 [    3     0     0     0     0     0     0     0     0     0     0     0     0     0     0     0   414     0     0     0     0     0     0     0     0     0     0]
 [    0     0     0     0     0     9     0     0     0     0     0     0    11     7     1     0     0   193     0    53     0     0     0     0     0     0     0]
 [    0     0     0     0     0     5     0     0     0     0     0     0     2     0    16     0     0     2    96     8     0     0     0     0     0     0     0]
 [    0     0     0     0     0    17     0     0     0     0     0     0    33     8     2     0     0    22     5   285     0     0     0     0     0     0     0]
 [    1     0     0     0     0     0     0     0     0     0     0     0     0     0     0     0     0     0     0     0  1003     0     0     0     0     0     0]
 [    0     0     0     0     0     0     0     0     0     0     0     0     0     0     0     0     0     0     0     0     0   210     0     0     0     0     0]
 [    0     0     0     0     0     0     0     0     0     0     0     0     0     0     0     0     0     0     0     0     0     0  2126     0     0     0     0]
 [    0     0     0     0     0     0     0     0     0     0     0     0     0     0     0     0     0     0     0     0     0     0     0    34     0     0     0]
 [    0     0     0     0     0     0     0     0     0     0     0     0     0     0     0     0     0     0     0     0     0     0     0     0    35     0     0]
 [    0     0     0     0     0     0     0     0     0     0     0     0     0     0     0     0     0     0     0     0     0     0     0     0     0    65     0]
 [    0     0     0     0     0     0     0     0     0     0     0     0     0     0     0     0     0     0     0     0     0     0     0     0     0     0   184]]

Accuracy: 0.9818868908001043

Precision: [0.9959 0.9836 0.9896 0.9070 1.0000 0.5556 1.0000 0.9882 1.0000 1.0000 1.0000 1.0000 0.4419 0.7222 0.8736 1.0000 0.9896 0.8333 0.8000 0.6289 0.9918 1.0000 1.0000 0.9000 0.7500 1.0000 1.0000]
Mean: 0.9018897918944779
Std: 0.15271454640572732

Recall: [0.9973 0.9836 1.0000 0.9512 1.0000 0.6098 1.0000 0.9843 1.0000 0.9971 1.0000 1.0000 0.7308 0.5909 0.9500 0.9000 0.9896 0.6410 0.5517 0.6489 0.9918 0.9833 1.0000 0.8182 1.0000 1.0000 1.0000]
Mean: 0.9007242085826012
Std: 0.1525108975035608

F1 score: [0.9966 0.9836 0.9948 0.9286 1.0000 0.5814 1.0000 0.9862 1.0000 0.9986 1.0000 1.0000 0.5507 0.6500 0.9102 0.9474 0.9896 0.7246 0.6531 0.6387 0.9918 0.9916 1.0000 0.8571 0.8571 1.0000 1.0000]
Mean: 0.8974704937203468
Std: 0.14906435530092899

Cohen Kappa score: 0.9746333964007011
Confusion matrix:
[[3627    1    1    4    0    0    0    1    0    0    0    0    0    0    1    0    1    0    0    0    0    0    0    1    0    0    0]
 [   1   60    0    0    0    0    0    0    0    0    0    0    0    0    0    0    0    0    0    0    0    0    0    0    0    0    0]
 [   0    0   95    0    0    0    0    0    0    0    0    0    0    0    0    0    0    0    0    0    0    0    0    0    0    0    0]
 [   2    0    0   39    0    0    0    0    0    0    0    0    0    0    0    0    0    0    0    0    0    0    0    0    0    0    0]
 [   0    0    0    0   44    0    0    0    0    0    0    0    0    0    0    0    0    0    0    0    0    0    0    0    0    0    0]
 [   0    0    0    0    0   25    0    0    0    0    0    0    4    1    2    0    0    1    0    8    0    0    0    0    0    0    0]
 [   0    0    0    0    0    0   32    0    0    0    0    0    0    0    0    0    0    0    0    0    0    0    0    0    0    0    0]
 [   2    0    0    0    0    0    0  251    0    0    0    0    0    0    0    0    0    0    0    0    2    0    0    0    0    0    0]
 [   0    0    0    0    0    0    0    0   41    0    0    0    0    0    0    0    0    0    0    0    0    0    0    0    0    0    0]
 [   5    0    0    0    0    0    0    0    0 1744    0    0    0    0    0    0    0    0    0    0    0    0    0    0    0    0    0]
 [   0    0    0    0    0    0    0    0    0    0   53    0    0    0    0    0    0    0    0    0    0    0    0    0    0    0    0]
 [   0    0    0    0    0    0    0    0    0    0    0  294    0    0    0    0    0    0    0    0    0    0    0    0    0    0    0]
 [   0    0    0    0    0    7    0    0    0    0    0    0   19    0    0    0    0    0    0    0    0    0    0    0    0    0    0]
 [   0    0    0    0    0    1    0    0    0    0    0    0    0   13    0    0    0    1    1    6    0    0    0    0    0    0    0]
 [   0    0    0    0    0    0    0    0    0    0    0    0    1    0   76    0    0    0    0    3    0    0    0    0    0    0    0]
 [   1    0    0    0    0    0    0    0    0    0    0    0    0    0    0    9    0    0    0    0    0    0    0    0    0    0    0]
 [   0    0    0    0    0    0    0    0    0    0    0    0    0    0    0    0   95    0    0    0    0    0    0    0    1    0    0]
 [   0    0    0    0    0    3    0    0    0    0    0    0    3    2    0    0    0   50    1   19    0    0    0    0    0    0    0]
 [   1    0    0    0    0    1    0    0    0    0    0    0    1    1    7    0    0    2   16    0    0    0    0    0    0    0    0]
 [   0    0    0    0    0    8    0    0    0    0    0    0   15    1    1    0    0    6    2   61    0    0    0    0    0    0    0]
 [   0    0    0    0    0    0    0    2    0    0    0    0    0    0    0    0    0    0    0    0  242    0    0    0    0    0    0]
 [   1    0    0    0    0    0    0    0    0    0    0    0    0    0    0    0    0    0    0    0    0   59    0    0    0    0    0]
 [   0    0    0    0    0    0    0    0    0    0    0    0    0    0    0    0    0    0    0    0    0    0  520    0    0    0    0]
 [   2    0    0    0    0    0    0    0    0    0    0    0    0    0    0    0    0    0    0    0    0    0    0    9    0    0    0]
 [   0    0    0    0    0    0    0    0    0    0    0    0    0    0    0    0    0    0    0    0    0    0    0    0    3    0    0]
 [   0    0    0    0    0    0    0    0    0    0    0    0    0    0    0    0    0    0    0    0    0    0    0    0    0   10    0]
 [   0    0    0    0    0    0    0    0    0    0    0    0    0    0    0    0    0    0    0    0    0    0    0    0    0    0   48]]

